# Configuration:

dataset name: mnist
model name: softmax classification
num_clients: 100
learning_rate: 0.99
participation_rate: 0.3
num_classes: 10
learning_rate: 0.001
lambda: 0.01
participation_rate: 0.3
mu: 0
num_classes: 10
# Results:

round,obj,test
1,1.8078310111281921,0.4894
2,1.6669803537268002,0.4422833333333333
3,1.5280439397293517,0.4794333333333333
4,1.5335336164640263,0.5088833333333334
5,1.3227043157926979,0.5590666666666667
6,1.2413847395144346,0.7292666666666666
7,1.0857560972699314,0.7671666666666667
8,0.9874416315560572,0.7870166666666667
9,0.9557364228838504,0.7672166666666667
10,0.9668349859444075,0.7470833333333333
11,0.890277236373523,0.7991
12,0.8285680522179355,0.8329666666666666
13,0.8070927784355281,0.8358333333333333
14,0.8080157363638789,0.8107833333333333
15,0.7878061233483495,0.8098
16,0.7469136283359413,0.8388666666666666
17,0.7725065016829284,0.7988833333333333
18,0.6915403623439147,0.86575
19,0.7133644690780993,0.8472
20,0.6989546706465384,0.8536
21,0.6878568358304831,0.8548333333333333
22,0.6928586997426206,0.8458666666666667
23,0.6657092104301541,0.8696833333333334
24,0.6733679287806299,0.8589166666666667
25,0.6621465904131663,0.8697166666666667
26,0.6618316905402621,0.8646833333333334
27,0.6510754178561697,0.8711
28,0.6533818905211064,0.8699166666666667
29,0.6533158466184563,0.8724166666666666
30,0.6493966477460549,0.87345
31,0.6626410079507723,0.8578833333333333
32,0.6595044795969522,0.8651
33,0.6444537962593799,0.87355
34,0.6339902656210105,0.8824333333333333
35,0.6431528341541782,0.8724
36,0.6382128988240857,0.8763666666666666
37,0.6358536130934429,0.8779666666666667
38,0.6459641665905029,0.8719666666666667
39,0.6341227757439138,0.88095
40,0.6414327159618469,0.8755666666666667
41,0.6343074182445202,0.8791833333333333
42,0.6287998163758154,0.8801333333333333
43,0.6286685364013144,0.88175
44,0.6510355591239402,0.8661333333333333
45,0.6365411684876401,0.8733833333333333
46,0.6337600566322769,0.8748833333333333
47,0.630403985410495,0.87695
48,0.6321280403837324,0.8782166666666666
49,0.635642880745118,0.8721333333333333
50,0.6203962139550097,0.8814166666666666
51,0.6245070802563714,0.8802333333333333
52,0.6324593943608455,0.87505
53,0.6170632850762479,0.8844333333333333
54,0.6184831387689856,0.8836
55,0.6215676018455416,0.87815
56,0.6168418109186201,0.8814166666666666
57,0.6155678289771279,0.8854
58,0.6101899434873664,0.8860166666666667
59,0.6269274352440647,0.875
60,0.6175636530528676,0.8818333333333334
61,0.6174707647674398,0.8815
62,0.6121421739347886,0.88515
63,0.6295898254141001,0.8712666666666666
64,0.6111485851798243,0.8843666666666666
65,0.6104919583419819,0.884
66,0.611066469564145,0.88435
67,0.6098549676832045,0.8821166666666667
68,0.6018974816256718,0.8888166666666667
69,0.6069271078312768,0.88515
70,0.6067438274107243,0.8829833333333333
71,0.6017367984590016,0.88795
72,0.5991456930277719,0.88745
73,0.6039858581393005,0.886
74,0.6011230558214279,0.88595
75,0.6027752397224462,0.8842333333333333
76,0.599902812944784,0.8867
77,0.5982913757667695,0.8891333333333333
78,0.5967492039262836,0.8868333333333334
79,0.5959459511091612,0.8879833333333333
80,0.5951277257561244,0.88685
81,0.5960832997751159,0.8874166666666666
82,0.598935203992591,0.8831833333333333
83,0.5963258918862656,0.8865
84,0.5905350220849072,0.8878166666666667
85,0.5951104149172374,0.8862
86,0.5917161988414935,0.8892666666666666
87,0.5913865261326645,0.8898166666666667
88,0.5922909456893953,0.8872166666666667
89,0.5922537885594186,0.8881666666666667
90,0.5901051194035729,0.8892
91,0.5915638983744919,0.8887666666666667
92,0.5908666738254814,0.8886166666666667
93,0.5869318741129205,0.8906
94,0.5883097995082112,0.88935
95,0.5898426873470478,0.8883333333333333
96,0.5876645554125868,0.8897
97,0.5867615184330504,0.8896
98,0.5906006321095578,0.8873666666666666
99,0.587461596157584,0.8898666666666667
100,0.5834670050738755,0.8924833333333333
101,0.5840873711328618,0.88895
102,0.5825154941552865,0.8919833333333334
103,0.5802662320233422,0.8932
104,0.5844179912492901,0.8909666666666667
105,0.5841236978826045,0.8914333333333333
106,0.5823611634242404,0.8912
107,0.581569985335814,0.89155
108,0.5825477774755601,0.89265
109,0.5797962955173331,0.8924166666666666
110,0.581520601225673,0.8904833333333333
111,0.5854186870776502,0.8895833333333333
112,0.5818430080020526,0.8905166666666666
113,0.5799559423548124,0.8920333333333333
114,0.5820286460259686,0.8906833333333334
115,0.5782683566781028,0.8932
116,0.5769324654072755,0.89355
117,0.5784683456593132,0.8944333333333333
118,0.5796094875347422,0.8915166666666666
119,0.5767810013173175,0.8935833333333333
120,0.5786848025134363,0.89175
121,0.5767129315918729,0.89245
122,0.5772646879096562,0.8932833333333333
123,0.5758645809171334,0.8936333333333333
124,0.5770048859136495,0.8936
125,0.5756985314053089,0.8948333333333334
126,0.5798590056032727,0.8907166666666667
127,0.5748904720267666,0.89365
128,0.5742717421835738,0.8957833333333334
129,0.5743525696701147,0.8941333333333333
130,0.5757761380395392,0.89225
131,0.5778607581068916,0.8920666666666667
132,0.5752911615230427,0.8926333333333333
133,0.5747648707935548,0.8922333333333333
134,0.5736366755310702,0.8948333333333334
135,0.5765566752682605,0.89245
136,0.5764752113506282,0.89165
137,0.5724713901306846,0.8957
138,0.5752861998022365,0.8934166666666666
139,0.5725426035768,0.89505
140,0.5732200275136826,0.8937666666666667
141,0.5711244572939187,0.8950666666666667
142,0.5721708805097168,0.8946833333333334
143,0.5722733540280236,0.8948333333333334
144,0.5708718984927684,0.8954666666666666
145,0.574074444558998,0.8931
146,0.5736435141082233,0.8933
147,0.5718160808280005,0.8950666666666667
148,0.5720352330700421,0.8945833333333333
149,0.5710434357506149,0.8944
150,0.5723438536337324,0.8954166666666666
151,0.5710830519814099,0.8946
152,0.5715405455942248,0.8941833333333333
153,0.570448578626096,0.8941333333333333
154,0.5689455154202243,0.8955333333333333
155,0.5734446854859686,0.8938833333333334
156,0.5704642321195638,0.8941166666666667
157,0.5698057526152189,0.8952333333333333
158,0.5689139996071728,0.89505
159,0.5711557426136961,0.8938166666666667
160,0.5702856714670128,0.89505
161,0.5698200982552581,0.8968333333333334
162,0.5710840883438116,0.8935833333333333
163,0.5673498826598063,0.89655
164,0.5698220047546328,0.8939833333333334
165,0.5676426272382452,0.8965
166,0.5693573504778143,0.8942166666666667
167,0.5682531652534902,0.8952333333333333
168,0.5692538952055728,0.895
169,0.5672668881259836,0.8960333333333333
170,0.5680563021554965,0.8958166666666667
171,0.5667788937033519,0.8964166666666666
172,0.5678059715606933,0.8952166666666667
173,0.5678208115560716,0.8951333333333333
174,0.5679524241098103,0.8964666666666666
175,0.5666310504624109,0.8961833333333333
176,0.5669525973018315,0.8957833333333334
177,0.5683647214476334,0.8950166666666667
178,0.5675324824566083,0.8955833333333333
179,0.5677872154392667,0.89545
180,0.5663018235759625,0.8967166666666667
181,0.5664411529377165,0.8967666666666667
182,0.5673353090123774,0.8955333333333333
183,0.5673646275833673,0.8951333333333333
184,0.5661297138678619,0.8969
185,0.5671713312500299,0.8961833333333333
186,0.5662680077367936,0.89595
187,0.5653567029013483,0.8967333333333334
188,0.5669850281531069,0.8961333333333333
189,0.5666924357262458,0.8961
190,0.5651652960741756,0.8965333333333333
191,0.5656695272405671,0.8962333333333333
192,0.5659398283542316,0.8962333333333333
193,0.5650693461556565,0.8973166666666667
194,0.5670784014192427,0.89595
195,0.565078681641941,0.8968166666666667
196,0.5654003675965498,0.8963833333333333
197,0.565659984455134,0.8961666666666667
198,0.5648594513829693,0.8968333333333334
199,0.5651418475417496,0.8962
200,0.565775102264839,0.89625
201,0.5645794815585333,0.8971166666666667
202,0.5653196168129295,0.8971166666666667
203,0.5648362126388968,0.8968833333333334
204,0.5649899107431229,0.89635
205,0.5645613041573826,0.8967666666666667
206,0.5640934644119865,0.89755
207,0.5654418373256539,0.8969166666666667
208,0.5642987790041029,0.8969333333333334
209,0.5642754905482189,0.8970333333333333
210,0.5638243748085596,0.8977166666666667
211,0.5647563379612582,0.89605
212,0.5636480228591174,0.8978166666666667
213,0.5638099769717321,0.89705
214,0.564472865566198,0.8964666666666666
215,0.5639375026584973,0.8970333333333333
216,0.5639046984642203,0.8969
217,0.5631821850697378,0.8974666666666666
218,0.5641922737138851,0.8966833333333334
219,0.5635369900866505,0.8973166666666667
220,0.5647627924965544,0.8961833333333333
221,0.5640841310463591,0.8965833333333333
222,0.5631235947882728,0.8977833333333334
223,0.5633331334950703,0.8971333333333333
224,0.5638164152934199,0.897
225,0.563009615459793,0.8974
226,0.5631079026607041,0.89725
227,0.5629416457900108,0.8977
228,0.5634003190633192,0.8969833333333334
229,0.5636060249273218,0.8966166666666666
230,0.5630748336607339,0.89715
231,0.5635546544866042,0.8968
232,0.5630117604480422,0.8977333333333334
233,0.5628691760277412,0.8973833333333333
234,0.5629506934819134,0.8972
235,0.5628471071561659,0.8970666666666667
236,0.5635136605694907,0.89665
237,0.5634973796648268,0.8968
238,0.5629890558049712,0.8970666666666667
239,0.5636407994583811,0.8966666666666666
240,0.5629695311706308,0.8972666666666667
241,0.5623432749211601,0.8978333333333334
242,0.5624442934677492,0.8978666666666667
243,0.562674596847932,0.89725
244,0.5624391685037498,0.8973166666666667
245,0.5624153263278409,0.8978833333333334
246,0.562401344132786,0.8978833333333334
247,0.5623205907469825,0.8978
248,0.5620050538130557,0.89785
249,0.561865019193394,0.8983
250,0.5622847330102738,0.8976833333333334
251,0.5624237930845292,0.8975333333333333
252,0.5623633150246308,0.8971833333333333
253,0.5620461526293798,0.8979
254,0.561875122783211,0.8975666666666666
255,0.5615269932381483,0.8982666666666667
256,0.5619068467739349,0.8979333333333334
257,0.5619129595464231,0.8982666666666667
258,0.5615007005777201,0.8982833333333333
259,0.5623653353016738,0.8975166666666666
260,0.5615869960486602,0.8981166666666667
261,0.5614466567129429,0.8985833333333333
262,0.5617278619781794,0.8981666666666667
263,0.5615858355360283,0.8981666666666667
264,0.5614655594295941,0.8980166666666667
265,0.5613089986800054,0.89855
266,0.5613691364771428,0.8979666666666667
267,0.5614663012393054,0.8980666666666667
268,0.5618010284751594,0.8981166666666667
269,0.5614661171576443,0.8980666666666667
270,0.5616223826746297,0.89795
271,0.5616256012148009,0.8979833333333334
272,0.5612413570977398,0.8984
273,0.5612283736986714,0.8980333333333334
274,0.5610192342539745,0.89865
275,0.5619221045341932,0.8973333333333333
276,0.5616887821037579,0.8976333333333333
277,0.5617616744957707,0.8978
278,0.5610072708389379,0.8984666666666666
279,0.5608590492355495,0.8982833333333333
280,0.5615989405618084,0.8978333333333334
281,0.5618936912897708,0.8973666666666666
282,0.5612674381896119,0.8982166666666667
283,0.5612105588548597,0.89815
284,0.5612145509317865,0.8980666666666667
285,0.5617211561240814,0.8973833333333333
286,0.5606400909163771,0.8986333333333333
287,0.5611587837724623,0.89825
288,0.5610178722178853,0.8985666666666666
289,0.561133169529439,0.8983666666666666
290,0.5609199737586231,0.89835
291,0.5610291173788599,0.8980333333333334
292,0.5611997655456114,0.8980166666666667
293,0.5606950785392514,0.8987833333333334
294,0.5611563430313369,0.89815
295,0.560619183049399,0.89865
296,0.5610549646237145,0.8982
297,0.5605022128972794,0.8986833333333333
298,0.5605517044496839,0.89845
299,0.5606474215405627,0.8985
300,0.5606345557980625,0.8988333333333334
301,0.5607168504386258,0.8986666666666666
302,0.5605985908299443,0.89865
303,0.560530934289979,0.8987666666666667
304,0.560551163541716,0.8987166666666667
305,0.5609629745609015,0.8982333333333333
306,0.5610175234143351,0.89785
307,0.5604817087479141,0.8988166666666667
308,0.560193675215088,0.8986833333333333
309,0.5606964833832475,0.8982
310,0.5605393354172764,0.89875
311,0.5602454713743412,0.8986
312,0.5605861281649493,0.89845
313,0.5603708193957043,0.8985833333333333
314,0.5605401519740608,0.8986333333333333
315,0.5604655907724254,0.8988
316,0.5604554958875624,0.8987666666666667
317,0.560435008890088,0.8986
318,0.5602987965796284,0.8985833333333333
319,0.5605892917568847,0.8985166666666666
320,0.5605058310950655,0.8986666666666666
321,0.5603534609739701,0.8987333333333334
322,0.5602480609311778,0.8989
323,0.5604438238208073,0.8986333333333333
324,0.5606068430880993,0.8984833333333333
325,0.5604539797346437,0.8986666666666666
326,0.5600835376238643,0.8987333333333334
327,0.5602547002889635,0.8988333333333334
328,0.5600249083286901,0.8988666666666667
329,0.5599279075291239,0.8990333333333334
330,0.5598336353754735,0.8988333333333334
331,0.5601870328213491,0.89875
332,0.5599930050646468,0.8988833333333334
333,0.5599950770366127,0.8987833333333334
334,0.5602756657383136,0.8988333333333334
335,0.5601236021248198,0.89865
336,0.55983964194297,0.8988666666666667
337,0.5603034392670304,0.89875
338,0.5601312674946288,0.8989166666666667
339,0.5600035596608973,0.8989
340,0.5599475083374928,0.89885
341,0.5600738976634301,0.8988666666666667
342,0.5599408654466577,0.8989
343,0.5599068773576984,0.8989333333333334
344,0.5600682687224096,0.8988
345,0.5601825335293745,0.8986833333333333
346,0.5596551169832256,0.8990166666666667
347,0.5597067888950293,0.89915
348,0.5600258073923982,0.8988333333333334
349,0.5596183987346667,0.8991
350,0.5598392162860675,0.8988333333333334
351,0.5599179483580248,0.8988833333333334
352,0.5599385540613356,0.8989333333333334
353,0.5600085388667044,0.8987166666666667
354,0.5599481748859098,0.8988833333333334
355,0.5599659535967906,0.89885
356,0.5600095089294127,0.89885
357,0.559736920548015,0.8988666666666667
358,0.5596316977419872,0.89885
359,0.5599287329491338,0.8989166666666667
360,0.559789973819228,0.8989333333333334
361,0.5597110111325806,0.8988666666666667
362,0.5594893971269602,0.8989333333333334
363,0.5599178376840298,0.8989
364,0.5594878731783258,0.8989166666666667
365,0.5598057469526215,0.899
366,0.5597548410167519,0.8990166666666667
367,0.5596811846316764,0.8988333333333334
368,0.559640470153949,0.8992166666666667
369,0.5594392845447156,0.8989333333333334
370,0.5597751382107684,0.8988666666666667
371,0.559743867717656,0.8989333333333334
372,0.5596173870364941,0.89915
373,0.5595885037279871,0.8987666666666667
374,0.5598151677012239,0.8988833333333334
375,0.5596522484334252,0.8989666666666667
376,0.5595942357766641,0.899
377,0.5594340435715114,0.8988166666666667
378,0.559516786123885,0.8992166666666667
379,0.5595097373549079,0.8990833333333333
380,0.5597796336263411,0.8989333333333334
381,0.5595726165440437,0.899
382,0.5596058603810458,0.8990666666666667
383,0.5595035785817878,0.8988333333333334
384,0.5596798624821961,0.8991333333333333
385,0.5594095531600263,0.899
386,0.5593539765710567,0.8991166666666667
387,0.5594870725229725,0.8990166666666667
388,0.559515944584131,0.89905
389,0.5598102380845821,0.8990166666666667
390,0.5594772971986863,0.8988666666666667
391,0.5594800849421914,0.8991333333333333
392,0.5594918219873379,0.89895
393,0.5592944160261664,0.8990166666666667
394,0.5595293001885586,0.8991666666666667
395,0.5595509984818344,0.8989166666666667
396,0.5593787785914587,0.8990166666666667
397,0.5596336448255215,0.8991166666666667
398,0.5594117834181195,0.8991166666666667
399,0.5594324140743768,0.8991666666666667
400,0.5593458358847869,0.8991166666666667
401,0.5593220426345124,0.8990333333333334
402,0.5592384705673796,0.8991333333333333
403,0.5593888638819813,0.8991666666666667
404,0.5594039137021868,0.8992
405,0.5593677141456788,0.8991666666666667
406,0.5594643292057625,0.8990666666666667
407,0.559510131670417,0.8992166666666667
408,0.5593662063757794,0.8990333333333334
409,0.5593916028885277,0.8991833333333333
410,0.5594102840948284,0.89905
411,0.5594062541999101,0.8991833333333333
412,0.5592048644443876,0.89905
413,0.5593296252630685,0.8992166666666667
414,0.5591914389606026,0.89925
415,0.5592813469025383,0.8991333333333333
416,0.5592895325459047,0.8992
417,0.5593101875856181,0.8992
418,0.5593971979626806,0.8991666666666667
419,0.5592640474544528,0.8990666666666667
420,0.5593427316901591,0.8991333333333333
421,0.5591818238403246,0.8992
422,0.559170281984225,0.8993166666666667
423,0.5591689793344025,0.8991333333333333
424,0.5592487171412103,0.89925
425,0.5593528604024609,0.8990833333333333
426,0.5593230372415562,0.8991666666666667
427,0.5592095672625269,0.8992
428,0.5592102045968532,0.8992
429,0.5592056115839464,0.8992
430,0.5591859704586313,0.89915
431,0.5591723955999812,0.8992333333333333
432,0.559156052107475,0.89925
433,0.559364868993037,0.8991833333333333
434,0.5590978940759793,0.8992166666666667
435,0.5592610634222357,0.8991666666666667
436,0.5592163732727938,0.8991333333333333
437,0.5591125540692968,0.89915
438,0.5591619169073041,0.8992
439,0.5590560069450055,0.8993
440,0.5592391219195588,0.8992
441,0.5592512605756702,0.8991833333333333
442,0.5592687249183635,0.8991833333333333
443,0.5591206087692748,0.8993
444,0.559147285971637,0.8992166666666667
445,0.559187283607915,0.8993166666666667
446,0.5592580014312267,0.8991166666666667
447,0.559132834528916,0.8993333333333333
448,0.5590384640437257,0.89935
449,0.55906734117125,0.8993
450,0.5591610250802469,0.8992666666666667
451,0.5591164923540467,0.89925
452,0.5591286210493235,0.8992833333333333
453,0.5591064160714849,0.8993166666666667
454,0.55906068984778,0.8993166666666667
455,0.5590966769323672,0.8993833333333333
456,0.5591595657265055,0.8992166666666667
457,0.5591646277649116,0.89925
458,0.559141671909308,0.8991333333333333
459,0.5591247320930092,0.89925
460,0.559087022596389,0.8994
461,0.5591025331428109,0.8993
462,0.5590328029154376,0.8992666666666667
463,0.5590557591400063,0.8993833333333333
464,0.5590987951149863,0.8992833333333333
465,0.5590742014927239,0.8993166666666667
466,0.5591504255511702,0.8992666666666667
467,0.5590476957667047,0.8993666666666666
468,0.5590650810890424,0.89935
469,0.5590683556521429,0.8993666666666666
470,0.5590929007194897,0.8993166666666667
471,0.5589927346678444,0.8993666666666666
472,0.5590407115593541,0.8993166666666667
473,0.5590892633867364,0.89925
474,0.5590245674541946,0.8994166666666666
475,0.5590274006358074,0.8993333333333333
476,0.5589409302317316,0.8993833333333333
477,0.5590382126274607,0.8994
478,0.5589913317055208,0.8992666666666667
479,0.5590014397375448,0.8993833333333333
480,0.5590339364682334,0.8993666666666666
481,0.5590038734828585,0.8994
482,0.5591280435470845,0.8992833333333333
483,0.5590064161093987,0.8993666666666666
484,0.5590283189122812,0.8993833333333333
485,0.559081862985132,0.8992833333333333
486,0.5589499159522296,0.8993333333333333
487,0.5590496878314974,0.8992666666666667
488,0.558952200544309,0.8992833333333333
489,0.5590072798760041,0.8993666666666666
490,0.5590044088141958,0.89925
491,0.5589779438662574,0.8993
492,0.5590035192215452,0.8992833333333333
493,0.5589891627063361,0.8992333333333333
494,0.5589969268646166,0.89925
495,0.5589946189127817,0.8993666666666666
496,0.558957462850079,0.8993833333333333
497,0.5589393650143806,0.8992833333333333
498,0.5589687873235097,0.8993333333333333
499,0.5590145336705895,0.8992166666666667
500,0.5589684271302885,0.8994
