# Configuration:

dataset name: mnist
model name: softmax classification with MLP
num_clients: 100
learning_rate: 0.001
participation_rate: 0.3
num_classes: 10
lambda: 0.01
participation_rate: 0.3
num_classes: 10
# Results:

round,obj,test
1,1.9727006052371308,0.3912
2,1.809380064088127,0.2929
3,1.6766437040391404,0.4558
4,1.532765954249875,0.5343
5,1.5655192204229544,0.5269
6,1.4763181810775994,0.6438
7,1.44835974327897,0.6929
8,1.4735827568510205,0.6518
9,1.5251651543396134,0.6027
10,1.48412403988069,0.6772
11,1.4585738796584635,0.7016
12,1.6292509295305153,0.4349
13,1.5076830295286103,0.5776
14,1.6812276163767905,0.4995
15,1.5644038131156843,0.6064
16,1.519465102729265,0.6149
17,1.5534246541322683,0.6284
18,1.5515149843039417,0.6102
19,1.630988154166307,0.5487
20,1.6272873234521625,0.5336
21,1.5602338956874422,0.6574
22,1.6514916341291335,0.5552
23,1.6204722364059814,0.5495
24,1.5758972108994291,0.7028
25,1.5656784250924571,0.7481
26,1.7463738044039916,0.4739
27,1.6227943709880062,0.6684
28,1.700247004360905,0.5406
29,1.627434027580802,0.6587
30,1.6430050887423113,0.6491
31,1.6102932663974485,0.7211
32,1.624192558242054,0.6773
33,1.6172765635906188,0.688
34,1.6322090206083175,0.7185
35,1.6616913108154878,0.6757
36,1.6353630638679628,0.7307
37,1.7480356759847833,0.5978
38,1.7646253867617678,0.5262
39,1.7764311359382623,0.4819
40,1.6733852156336946,0.6605
41,1.6798424337490547,0.7061
42,1.6999356378991732,0.6695
43,1.787616561692442,0.5826
44,1.7668478888843682,0.5394
45,1.7637433857220548,0.577
46,1.7394086655497265,0.7241
47,1.7349292209320573,0.6026
48,1.6923620274064934,0.7112
49,1.674536025120031,0.7505
50,1.706207126635244,0.7296
51,1.729213609344879,0.6957
52,1.7029097335531325,0.7112
53,1.7049574211401035,0.6942
54,1.6849831261204054,0.7162
55,1.6981832171541635,0.7405
56,1.75306461004572,0.6357
57,1.7564022089517888,0.582
58,1.6999941929169753,0.7308
59,1.7727127704217405,0.6462
60,1.7199784330842554,0.722
61,1.7302858851742233,0.6976
62,1.7211640139645739,0.7045
63,1.725655780079623,0.6947
64,1.7218054298988545,0.7173
65,1.7175732615234833,0.7541
66,1.7985018044840486,0.6263
67,1.7467869215352494,0.6985
68,1.765319340686812,0.682
69,1.7914200539102665,0.6766
70,1.796601605849833,0.6543
71,1.8646830816934887,0.5513
72,1.7772094484268421,0.6214
73,1.721390754866803,0.7569
74,1.838160427660678,0.6039
75,1.7373102889725887,0.7164
76,1.7918382526065824,0.6109
77,1.7555736038492924,0.6498
78,1.7458264656271267,0.6909
79,1.7426019306522844,0.6962
80,1.7228721662742013,0.7345
81,1.7530562055426882,0.6818
82,1.702975416405277,0.8023
83,1.787427689815116,0.6791
84,1.7558787837064476,0.7004
85,1.7764420801511505,0.6407
86,1.781740654319839,0.6113
87,1.7582481170364785,0.6899
88,1.7539745300571956,0.6839
89,1.720039130182631,0.7484
90,1.7779342451598674,0.6584
91,1.856655895769494,0.5548
92,1.7367995705283492,0.7473
93,1.7136903806939094,0.7597
94,1.7561820326562183,0.7142
95,1.7280090965216075,0.739
96,1.709694633590014,0.8105
97,1.7931357363319484,0.6411
98,1.8374633751351237,0.5908
99,1.7530415405889963,0.7033
100,1.7263113678217274,0.7573
101,1.8008756625714317,0.5952
102,1.7891521502082934,0.6107
103,1.7198535564190027,0.7918
104,1.773117060569906,0.6772
105,1.790467607292036,0.6448
106,1.782172713512159,0.6427
107,1.724348442462639,0.7395
108,1.7405927014350524,0.7416
109,1.7654444908088633,0.6932
110,1.716358694614094,0.7935
111,1.7509969944302874,0.7026
112,1.793711905478482,0.6415
113,1.7183573373864718,0.769
114,1.7107497622580516,0.7968
115,1.711192014864634,0.7918
116,1.7201175619980043,0.7348
117,1.7601804891887403,0.6891
118,1.7368430185714634,0.7684
119,1.711649470950272,0.7684
120,1.732828675724758,0.7186
121,1.7513051022573944,0.6724
122,1.715561658749875,0.7572
123,1.7567711429410353,0.6869
124,1.7999343130722152,0.6313
125,1.7200461898210155,0.7993
126,1.7797266051491103,0.6693
127,1.71179824766647,0.7837
128,1.7085932677032352,0.777
129,1.761448291077808,0.6859
130,1.769642922273027,0.7138
131,1.7374654652065955,0.7486
132,1.7893916928266977,0.6037
133,1.7614424093421939,0.7008
134,1.7687068877813248,0.6787
135,1.8066747534633707,0.6174
136,1.7806372668744725,0.6801
137,1.7651930421403392,0.6934
138,1.7939925461147654,0.6678
139,1.7617001529764829,0.7381
140,1.7643121912359316,0.7254
141,1.7480659011021666,0.7257
142,1.7361286278583532,0.7574
143,1.7371090370289284,0.7432
144,1.7584289590343796,0.7302
145,1.7267184024643238,0.7362
146,1.7605868580790156,0.7571
147,1.6965244441060379,0.8151
148,1.8112080005241618,0.6357
149,1.750938846600946,0.7484
150,1.8089996620494693,0.6512
151,1.72626667206693,0.7321
152,1.7162248336479637,0.7937
153,1.7204913229272332,0.8196
154,1.7633185169136716,0.7164
155,1.7888478810616366,0.6757
156,1.8201406601096106,0.6687
157,1.730622603617219,0.7795
158,1.8492037601721185,0.5937
159,1.7350454100731392,0.7976
160,1.7473819688294645,0.7544
161,1.7689950966450396,0.7263
162,1.7410603854586582,0.7559
163,1.784630229180309,0.6595
164,1.7336321333645155,0.7593
165,1.741495058820292,0.7456
166,1.7627458169117975,0.7067
167,1.7629191056791929,0.7123
168,1.720952148663505,0.8049
169,1.8661168976279379,0.6018
170,1.8334501474185412,0.6322
171,1.7678234235604464,0.7198
172,1.8162740080512514,0.6728
173,1.7931875380679823,0.6592
174,1.746683055745753,0.7782
175,1.7683109920513762,0.7343
176,1.7361795712494383,0.8244
177,1.7682246094080276,0.7264
178,1.781194103664072,0.6847
179,1.7738436897976255,0.7178
180,1.8060530928395464,0.6542
181,1.773188247248731,0.7312
182,1.7796730971597532,0.7111
183,1.8364279273203952,0.5925
184,1.7696918058220987,0.7327
185,1.7643074498933298,0.7382
186,1.7954518322458375,0.7124
187,1.8107709148710434,0.6654
188,1.7400226743809746,0.815
189,1.8012177908356433,0.694
190,1.7911537287802912,0.7049
191,1.8038367030526634,0.6809
192,1.8000741186576465,0.7141
193,1.7708428585425184,0.7744
194,1.7754243549823947,0.7338
195,1.7863602650406938,0.7375
196,1.8032851847935325,0.7111
197,1.7960543651997591,0.7382
198,1.7758871461387544,0.742
199,1.8404273294261209,0.6683
200,1.7865157082557739,0.741
201,1.7870990042720123,0.736
202,1.8007189659946177,0.7098
203,1.9326034276277482,0.5201
204,1.8699411938115869,0.6062
205,1.8533395011507996,0.663
206,1.8609582789620538,0.6143
207,1.8094794479038374,0.6949
208,1.8098908556999513,0.7078
209,1.7994838484680231,0.7234
210,1.8049535221776132,0.7205
211,1.8203093068312206,0.7127
212,1.8155690804315496,0.6836
213,1.7772347017189811,0.7865
214,1.8012920590915202,0.6937
215,1.7867063945849884,0.7314
216,1.841778410538232,0.655
217,1.8172216577557005,0.7038
218,1.9161974911814192,0.5676
219,1.7971708458972941,0.7213
220,1.7805585975696894,0.7715
221,1.836344211715162,0.6751
222,1.8024917641935898,0.6783
223,1.8060341643798348,0.6865
224,1.8183734424562452,0.7411
225,1.7743471633114685,0.7717
226,1.7736266382491641,0.782
227,1.8599083529672487,0.6366
228,1.7901980966019453,0.7558
229,1.7902078897844866,0.7361
230,1.8229881056991588,0.6346
231,1.834930445576611,0.7425
232,1.8231311501939993,0.6717
233,1.8188717823822036,0.6472
234,1.8159735551782705,0.6306
235,1.8091199667448392,0.6678
236,1.7970201237479486,0.7209
237,1.7940474573688414,0.6662
238,1.8549031489104182,0.6123
239,1.8111546977853707,0.6492
240,1.798066779953069,0.6988
241,1.8140580102983515,0.6781
242,1.770271685825337,0.7384
243,1.7868893218444966,0.6702
244,1.7622067623685305,0.8134
245,1.8090607645644108,0.6546
246,1.8035645320985043,0.6748
247,1.7468690235288074,0.7401
248,1.807689523202514,0.6693
249,1.7563288558782288,0.7372
250,1.7511401935153887,0.7279
251,1.7584742508199902,0.7063
252,1.787365205111911,0.7456
253,1.7743127303469992,0.6909
254,1.7558856104978675,0.766
255,1.7485972544369326,0.752
256,1.797414611760835,0.6516
257,1.7621592056661963,0.7456
258,1.7862550684997331,0.6524
259,1.7578006787391707,0.7118
260,1.8100891832694352,0.6632
261,1.7576967555110716,0.6983
262,1.7496706512139313,0.7451
263,1.7595493660451793,0.7376
264,1.7338266289542905,0.8077
265,1.7969057814496416,0.6197
266,1.9344013124911101,0.4863
267,1.7690020390150811,0.6863
268,1.7561933095498785,0.6949
269,1.7390564675227482,0.737
270,1.8246900246720639,0.6065
271,1.7884312920537675,0.6449
272,1.8500512680722099,0.5404
273,1.7763539741487906,0.6723
274,1.7803569004079478,0.6371
275,1.7917946752317662,0.6501
276,1.7489464509592532,0.7137
277,1.7861556714056634,0.7456
278,1.7941943776333205,0.6789
279,1.788355838936156,0.6651
280,1.7633268296334408,0.7028
281,1.8005917288877686,0.6365
282,1.7213808569084494,0.7293
283,1.7190227783050291,0.7797
284,1.779748211828771,0.6869
285,1.7529846146259198,0.7227
286,1.7141284426413566,0.7842
287,1.8482107129920036,0.5247
288,1.7639294192336796,0.7213
289,1.7522405801857897,0.7013
290,1.7900408732324893,0.6296
291,1.730672112027994,0.7552
292,1.7595233491089035,0.7043
293,1.8444189895682142,0.5567
294,1.7474137229891662,0.7191
295,1.753673081280611,0.6988
296,1.7909290305027021,0.6691
297,1.8203618936470722,0.6689
298,1.742334345153913,0.7621
299,1.8184452665172186,0.594
300,1.789517159997759,0.6937
301,1.7910006155051292,0.6845
302,1.818264038646162,0.6257
303,1.7666915502741152,0.7463
304,1.7730913314665402,0.6612
305,1.7282218440186405,0.7587
306,1.8024473651005928,0.6911
307,1.7494434929793061,0.7401
308,1.8056475464531445,0.6406
309,1.7281835841461652,0.7705
310,1.7633421566993672,0.7184
311,1.7804367965324897,0.6437
312,1.7636584955060797,0.7054
313,1.7822028762735238,0.7598
314,1.7880622330110056,0.6403
315,1.7651156378521657,0.6901
316,1.7274236037028017,0.783
317,1.7552831777295301,0.7227
318,1.7698887195881778,0.708
319,1.7991550003324033,0.6704
320,1.8359224841271025,0.6205
321,1.7582315323194153,0.7126
322,1.7868797867699922,0.6857
323,1.762254179838691,0.7152
324,1.7817045041144177,0.7463
325,1.7638645049066801,0.6953
326,1.7649698594199164,0.7387
327,1.7591919284678323,0.7453
328,1.7899050917894284,0.6946
329,1.7743770804132228,0.6951
330,1.768712830608213,0.7049
331,1.7920711929353716,0.6901
332,1.785912219779296,0.6931
333,1.8361187654770104,0.6491
334,1.7946212358854536,0.6398
335,1.7867387615785264,0.6649
336,1.7691945244673593,0.7017
337,1.7552937036209255,0.7017
338,1.727174830555167,0.7694
339,1.7903983812212538,0.6503
340,1.8185371931927303,0.5849
341,1.811097898427082,0.6269
342,1.7666348449643585,0.6935
343,1.7974996103196037,0.6384
344,1.7964674820324098,0.6851
345,1.7837974031764765,0.653
346,1.8048922704853922,0.6053
347,1.829699744604657,0.5727
348,1.7997156956226406,0.6415
349,1.7888403466217269,0.6386
350,1.7350281191696726,0.6982
351,1.7214587953173344,0.7564
352,1.7533268697378368,0.7058
353,1.7610338576549924,0.703
354,1.8110045109065593,0.6207
355,1.7861535962473039,0.6834
356,1.7603941345201146,0.6746
357,1.7185849260692052,0.733
358,1.7858135396486947,0.6345
359,1.7209567862793755,0.7593
360,1.8083379359952532,0.6111
361,1.6880011043488437,0.7386
362,1.7378607559684123,0.7208
363,1.744015132029286,0.6936
364,1.764863246302483,0.6338
365,1.7340084547700654,0.672
366,1.7092698643280628,0.7061
367,1.7415026260498654,0.7156
368,1.7442171279388214,0.6549
369,1.7842146213973797,0.6203
370,1.7376988037879555,0.6963
371,1.7147703500038398,0.7143
372,1.7048977814712207,0.7813
373,1.7653351927315717,0.6632
374,1.7697491705341817,0.6488
375,1.6963876265473707,0.7304
376,1.7252571025684822,0.6759
377,1.8301603935611934,0.5764
378,1.7060392039161318,0.7473
379,1.693025453375326,0.7227
380,1.7784251914084306,0.6085
381,1.7474812450758301,0.6376
382,1.762000243756553,0.6252
383,1.7319560371247125,0.7127
384,1.7619192113973052,0.69
385,1.7188096781454478,0.7246
386,1.7054708253895992,0.7444
387,1.7286405260461277,0.7049
388,1.7589708442259118,0.6612
389,1.853053352497164,0.5894
390,1.6744721560218168,0.8044
391,1.735728187658938,0.6643
392,1.8012533623938825,0.5801
393,1.821764786977219,0.5771
394,1.7853314329112853,0.6452
395,1.737693956402839,0.6908
396,1.8028951390436434,0.644
397,1.7435096497850726,0.715
398,1.7368534784220144,0.7162
399,1.6898903359607076,0.8133
400,1.7467932387588647,0.6948
401,1.7552200577028139,0.6639
402,1.7550710854135896,0.6416
403,1.7723696304725967,0.6829
404,1.778807881291257,0.6215
405,1.7220481083422305,0.7378
406,1.7553508955843298,0.6761
407,1.7523762547434303,0.7133
408,1.7805084878740136,0.6669
409,1.7429831273146206,0.722
410,1.7837139547416945,0.6413
411,1.7965508400686288,0.631
412,1.826664457574571,0.6061
413,1.8347503124444682,0.6093
414,1.7852202509816264,0.648
415,1.795419967872037,0.6159
416,1.8170640611567164,0.5802
417,1.793527633112529,0.618
418,1.7896939674950954,0.6352
419,1.7532049981102538,0.7103
420,1.7592252038337024,0.7341
421,1.8478586375433426,0.6456
422,1.892445458773365,0.5147
423,1.7671240649962199,0.6651
424,1.791596669048513,0.6498
425,1.7224828417650901,0.7697
426,1.7432398687216701,0.7503
427,1.7765163827037185,0.6376
428,1.838022785752532,0.5736
429,1.8446852028024576,0.6048
430,1.770818746506329,0.6899
431,1.7657899940424249,0.7282
432,1.7609989939732136,0.6886
433,1.7996454866638845,0.6949
434,1.7585292956306366,0.719
435,1.7441346761436451,0.7231
436,1.7475168113592114,0.7349
437,1.8032146663374844,0.6232
438,1.7887296584506105,0.6777
439,1.7950621714846704,0.6895
440,1.758438790269326,0.7233
441,1.7508607948025505,0.7708
442,1.8518496235283217,0.5853
443,1.7997329283340524,0.7087
444,1.8952049943016809,0.6382
445,1.7750916405631374,0.7183
446,1.7811614048980535,0.7433
447,1.8965846027817175,0.5506
448,1.8129017953032038,0.6375
449,1.7383780862154472,0.7856
450,1.824954735342499,0.6488
451,1.9176929355873225,0.5635
452,1.7778645963351831,0.7391
453,1.8479715644208319,0.6041
454,1.8742925831508785,0.5823
455,1.8413947903220726,0.6124
456,1.8061657575684105,0.6985
457,1.7888943539952447,0.7035
458,1.8775627972089601,0.6193
459,1.85042299641558,0.5869
460,1.8198498794099232,0.6575
461,1.8656672849678704,0.5962
462,1.817485311567314,0.6797
463,1.795944750024151,0.6663
464,1.8548554655935634,0.6104
465,1.850356779911866,0.6097
466,1.8136513105396337,0.6315
467,1.8631335866406944,0.6177
468,1.8824395760314152,0.5946
469,1.808678039597694,0.7128
470,1.8170396619638982,0.7045
471,1.836830619503233,0.6867
472,1.8838779200824456,0.6066
473,1.810383998527692,0.6767
474,1.8111753240698214,0.6691
475,1.7814540198010616,0.7318
476,1.7784369188929552,0.7106
477,1.8108795125189625,0.6886
478,1.8396171808469668,0.7058
479,1.8028074158999596,0.6671
480,1.8376063758215258,0.6127
481,1.7873543703942216,0.7077
482,1.7862620242077707,0.6847
483,1.8289958649911022,0.6775
484,1.8402424674934788,0.5957
485,1.845955828530532,0.6658
486,1.7885379636518737,0.7028
487,1.8038764414880102,0.7031
488,1.8442290300919688,0.5922
489,1.8187027876260202,0.6498
490,1.7707475638517802,0.7336
491,1.7913774880840005,0.6541
492,1.8134705367537134,0.6541
493,1.784655079458569,0.7181
494,1.937393688423888,0.5382
495,1.7546362051274509,0.7119
496,1.7507962986900014,0.7128
497,1.7899335970790673,0.6705
498,1.7659839920237619,0.725
499,1.815572250679238,0.6379
500,1.8318416075807566,0.5391
