# Configuration:

dataset name: covtype
model name: softmax classification
num_clients: 100
learning_rate: 0.99
participation_rate: 0.3
num_classes: 10
learning_rate: 0.001
lambda: 0.01
participation_rate: 0.3
mu: 0
num_classes: 10
# Results:

round,obj,test
1,1.8047031627628185,0.3898
2,1.7158096831923313,0.528
3,1.5967475801431774,0.5087
4,1.5446853129622464,0.4737
5,1.4440075384852284,0.5537
6,1.3839230453911577,0.5445
7,1.4420108259874846,0.5008
8,1.4316391832643776,0.5422
9,1.2144983988009281,0.7855
10,1.2827868809485616,0.5768
11,1.125393210264754,0.7741
12,1.1888633656515044,0.7461
13,1.1396189311527993,0.7052
14,1.071225709202814,0.78
15,1.117474845739536,0.6864
16,1.0105439919496935,0.8061
17,1.041343577193559,0.7709
18,1.0090779718032483,0.7753
19,0.961749356918767,0.8372
20,1.0097710246899207,0.7447
21,0.9921796361036429,0.7571
22,0.9687808033196796,0.783
23,0.9629652483324824,0.7455
24,0.9066066174329531,0.8255
25,0.9201699970472744,0.8176
26,0.8885026525130081,0.8295
27,0.8660427634729689,0.8492
28,0.9051430418312465,0.7978
29,0.8776246214422476,0.8335
30,0.9148407954248781,0.7738
31,0.8944760285141493,0.8054
32,0.8744453112829192,0.8125
33,0.8565134700592044,0.8366
34,0.9149086128190298,0.7441
35,0.8562620428572608,0.8172
36,0.8310406293495982,0.8434
37,0.8415967702511441,0.8298
38,0.8384866468484987,0.8265
39,0.796276607706028,0.8647
40,0.8192421638253088,0.8376
41,0.824065248063748,0.832
42,0.8215505653792666,0.8215
43,0.8038299908249272,0.8385
44,0.8137270001110835,0.8228
45,0.8666742700813153,0.7751
46,0.7815529567703248,0.8617
47,0.7786635841537041,0.8556
48,0.7868760802928162,0.838
49,0.8288674459715343,0.8069
50,0.774069767061332,0.8536
51,0.7839778199559475,0.8491
52,0.7736735446690381,0.8432
53,0.7801647725719638,0.8417
54,0.757603742624388,0.8625
55,0.7585787684923808,0.8621
56,0.7570686282072846,0.8593
57,0.7545953612819281,0.8604
58,0.7669740688743321,0.8569
59,0.7501712465631067,0.8604
60,0.7471438430486893,0.8646
61,0.7478834304197322,0.8591
62,0.7693444938031544,0.826
63,0.767487891817501,0.8369
64,0.7592536634305452,0.8398
65,0.7521406529666859,0.8481
66,0.737913073377798,0.8636
67,0.7340733211750745,0.8676
68,0.7228247646952229,0.8789
69,0.7417180793840218,0.8599
70,0.7332764142300819,0.8608
71,0.7265334674230554,0.8646
72,0.7225340846781408,0.8713
73,0.7372730745929383,0.855
74,0.7196688290596912,0.8708
75,0.7202303603915372,0.871
76,0.7379543744777313,0.853
77,0.7338274655426267,0.858
78,0.7130360456874849,0.8769
79,0.7137487082985045,0.8659
80,0.7386016673689194,0.8535
81,0.7394291328424901,0.8482
82,0.7224342353100329,0.8649
83,0.7149333795272854,0.87
84,0.7056587638316201,0.8729
85,0.71192361255365,0.8658
86,0.7021690018473684,0.8734
87,0.715171884594002,0.866
88,0.7534882847192667,0.8329
89,0.7262012413765411,0.8488
90,0.7226152796615921,0.8526
91,0.707443966080705,0.8678
92,0.7187599871369585,0.8535
93,0.7240562894734454,0.853
94,0.7106040503913418,0.8597
95,0.6910015093492201,0.8816
96,0.7102401206980602,0.866
97,0.7152392318720417,0.8546
98,0.7120474448625619,0.8566
99,0.7002352020748166,0.8691
100,0.6901099653913422,0.8762
101,0.701040722666858,0.8651
102,0.6982667907186677,0.8704
103,0.6999073141625749,0.8657
104,0.7202475245826027,0.8519
105,0.6955095523187677,0.8695
106,0.686046463545709,0.8791
107,0.6989162011616801,0.8657
108,0.6922005510636522,0.8752
109,0.692462607978938,0.8694
110,0.6974890761870371,0.8651
111,0.696884348787001,0.8634
112,0.6829770249567371,0.8748
113,0.6973543317092655,0.8659
114,0.6836225610979778,0.8814
115,0.6912016211442927,0.8741
116,0.6734954627241967,0.8828
117,0.6812957253668848,0.8706
118,0.7097334628081924,0.8553
119,0.6787614693675644,0.882
120,0.693183733280399,0.8708
121,0.6760939331776801,0.8784
122,0.6895598243687332,0.8682
123,0.6885201446839494,0.87
124,0.6874944547446279,0.8732
125,0.684252778239684,0.8728
126,0.715262221621366,0.8455
127,0.6900419328294132,0.8695
128,0.6788090131148121,0.8785
129,0.6770880753638684,0.8755
130,0.6801867427466155,0.8751
131,0.674804328344656,0.8811
132,0.6868034566319109,0.8716
133,0.6757166480419061,0.8756
134,0.6769428963636659,0.8728
135,0.6926046051273751,0.8599
136,0.6654135225054707,0.8839
137,0.6866448049980403,0.8662
138,0.6805134814924624,0.8708
139,0.6761576939112504,0.8766
140,0.676783254638203,0.8721
141,0.670478633576614,0.8819
142,0.6676014140409201,0.8809
143,0.6804026560412527,0.8657
144,0.6639602250985746,0.8804
145,0.6678626006042827,0.878
146,0.674270481575027,0.8753
147,0.6762755418441088,0.8698
148,0.6660021217083225,0.8803
149,0.6587878490708265,0.8847
150,0.6675845750851227,0.877
151,0.6690726457927,0.8743
152,0.6637550812197361,0.8783
153,0.6699800579518606,0.8766
154,0.6697607257849949,0.8796
155,0.6649645614686186,0.8736
156,0.6605111051920006,0.8818
157,0.6642852407583927,0.8749
158,0.6583745916013012,0.882
159,0.6596112369020498,0.878
160,0.6564712692579969,0.8805
161,0.6723218391808196,0.8658
162,0.6606163853697888,0.877
163,0.6626532100293832,0.8773
164,0.6649105650040895,0.874
165,0.6582658317433382,0.8777
166,0.6666620335833152,0.8745
167,0.6479957655457081,0.8879
168,0.6539934947211292,0.8781
169,0.6574777616222811,0.8842
170,0.6580468780466799,0.8765
171,0.6471297510240721,0.8867
172,0.657434798574953,0.8794
173,0.6518717612558227,0.8826
174,0.6531789385454376,0.8841
175,0.6432136043303924,0.8878
176,0.6538752655488302,0.8789
177,0.6722822915282134,0.8692
178,0.6603196218021422,0.8757
179,0.6525648905607394,0.8832
180,0.6526647388553046,0.8828
181,0.6562250638219411,0.8737
182,0.6551980963951468,0.8792
183,0.6700541013889821,0.8717
184,0.6529250363752666,0.8824
185,0.643465367983674,0.8871
186,0.6429688143040819,0.8877
187,0.6512361214035994,0.8758
188,0.6497841544777082,0.8799
189,0.6500590043538891,0.8828
190,0.6548070341692005,0.8739
191,0.6470543466260265,0.8776
192,0.64793284453585,0.883
193,0.6531489615056648,0.8798
194,0.6468311814237802,0.8832
195,0.6510115293666392,0.8802
196,0.6571905233658631,0.8751
197,0.6413956962986634,0.887
198,0.6501227402091831,0.8818
199,0.6543427412843575,0.8732
200,0.6396276283328839,0.8846
201,0.6366294794339172,0.8868
202,0.6423468477358177,0.881
203,0.6377372151465328,0.8908
204,0.63704237130111,0.8892
205,0.6385420610504904,0.8861
206,0.6341200293643224,0.8903
207,0.6412798643266944,0.8884
208,0.6440163671184873,0.8832
209,0.6411015471557525,0.8848
210,0.6424895769681759,0.8862
211,0.6395249591945189,0.8832
212,0.6373457269833588,0.8862
213,0.6376711241070293,0.8849
214,0.6358947595580943,0.8874
215,0.6384337705356179,0.8876
216,0.6405674241344922,0.8854
217,0.6384129993870868,0.8854
218,0.6326456374262558,0.8898
219,0.6443933842148256,0.8807
220,0.6397554637910255,0.8831
221,0.6367791208125775,0.89
222,0.6473369061643911,0.8788
223,0.6348691614446574,0.8907
224,0.6393332424062096,0.8838
225,0.6421840931915718,0.8774
226,0.6385895948067503,0.8831
227,0.6377219369342368,0.8832
228,0.6398050097386755,0.8842
229,0.636158820439345,0.8853
230,0.6299622558959574,0.8916
231,0.6348860498525762,0.8852
232,0.6269937355595496,0.8919
233,0.6312507134439209,0.8879
234,0.6357648324982472,0.8885
235,0.6363009863645277,0.886
236,0.6335480295333237,0.885
237,0.6397045510616852,0.8837
238,0.629060098400613,0.8906
239,0.6293434235762421,0.8889
240,0.6314869702314351,0.8862
241,0.6288325051803967,0.8878
242,0.6305396571702587,0.8854
243,0.6386155866591708,0.8817
244,0.6306418639732289,0.8882
245,0.6411484890988967,0.8804
246,0.6257437117279743,0.8908
247,0.6255431580133666,0.8917
248,0.6322412247103588,0.8875
249,0.6395331664779482,0.8806
250,0.6263128185305149,0.8907
251,0.6242788078693474,0.8878
252,0.6375238838041435,0.8803
253,0.6362344527646182,0.8821
254,0.6273426316988444,0.8839
255,0.6287880991619321,0.8876
256,0.6233369076753017,0.8901
257,0.6336061442008496,0.8812
258,0.6238326039356373,0.8903
259,0.6350802165525228,0.8843
260,0.6267134215804422,0.8869
261,0.6260565441504361,0.8843
262,0.6372333717437065,0.8817
263,0.6363370621583676,0.8816
264,0.6270647553329671,0.8854
265,0.6285759226796929,0.8874
266,0.6273726622374299,0.8824
267,0.6321673547071303,0.8817
268,0.6244539210546489,0.89
269,0.6395067992058397,0.8777
270,0.6329412305192693,0.8825
271,0.6316785788811016,0.8834
272,0.6323470330290437,0.8819
273,0.640289598362027,0.8764
274,0.6210577652874165,0.8914
275,0.6256452087283896,0.8859
276,0.6314349159141062,0.8841
277,0.6252470336079844,0.8907
278,0.6199479164630628,0.8889
279,0.6352372257226121,0.88
280,0.6244151915236278,0.885
281,0.6293824895082972,0.8839
282,0.6171217422926939,0.8906
283,0.625355754367935,0.8879
284,0.6204253732851542,0.8908
285,0.6188063943065698,0.8919
286,0.6194107726874435,0.8911
287,0.6267488609961248,0.8853
288,0.6197757441540621,0.8898
289,0.6192831259132027,0.8891
290,0.6316099193889703,0.8837
291,0.6335623034269988,0.8813
292,0.628113027849618,0.8842
293,0.6164372477428007,0.8908
294,0.6222336609636262,0.8893
295,0.6224626614856258,0.8879
296,0.6234287805375611,0.8847
297,0.619606486712456,0.8882
298,0.6172765736342651,0.8902
299,0.6311557089526093,0.8801
300,0.624946646696467,0.8862
301,0.6155672477406103,0.8933
302,0.6202871808878619,0.8877
303,0.6292189031429402,0.8841
304,0.621825194900059,0.8871
305,0.6241351000711723,0.8859
306,0.6170384093067722,0.8879
307,0.611799854774966,0.8926
308,0.6132307718345634,0.8905
309,0.6171553889083238,0.8896
310,0.6277866496605573,0.8825
311,0.6125219308009815,0.8915
312,0.6159008128148543,0.8911
313,0.6200969860006271,0.8891
314,0.6170043318067956,0.8905
315,0.6291560388923769,0.8809
316,0.6109914088289419,0.8923
317,0.6192383030113704,0.8884
318,0.623803605151723,0.884
319,0.6177162349844708,0.8885
320,0.6190582368034704,0.8895
321,0.6170799957080891,0.8894
322,0.6187390533481837,0.886
323,0.6101515235899683,0.8948
324,0.6206526168675149,0.8864
325,0.6130936535949492,0.89
326,0.6100065910255568,0.8933
327,0.6189433795349121,0.8885
328,0.6173869894036406,0.8869
329,0.6152164213279114,0.8868
330,0.6095389122416797,0.893
331,0.6146344313114392,0.8882
332,0.6148035204871422,0.8874
333,0.6095337312812386,0.892
334,0.6113163075409198,0.8927
335,0.6105104878278419,0.8909
336,0.614478361955053,0.8886
337,0.6140262665274334,0.8889
338,0.6084208036554393,0.8935
339,0.6112537626049764,0.8916
340,0.6149251855992993,0.8885
341,0.6108896813519481,0.8927
342,0.6071707216943376,0.8929
343,0.6075320536071896,0.8926
344,0.6104771163210653,0.8913
345,0.6174579135835176,0.8884
346,0.6098794716704824,0.893
347,0.6079041922424768,0.8925
348,0.6126433739768646,0.8898
349,0.6104773897388065,0.8911
350,0.6062362658188809,0.8947
351,0.6096305512122002,0.8899
352,0.6075412619114476,0.8943
353,0.6098684249011382,0.8895
354,0.6126909541760942,0.8892
355,0.6104627675692524,0.8921
356,0.611846277551246,0.8893
357,0.6107473973061404,0.8905
358,0.6114600882699984,0.8885
359,0.6071920777030371,0.8931
360,0.6065905134405234,0.8933
361,0.6072718827198356,0.8922
362,0.6060591091319842,0.8933
363,0.6052376212805616,0.8938
364,0.6088347980308906,0.8928
365,0.6062244292513079,0.8922
366,0.6091889853088038,0.8905
367,0.6115045165975335,0.8896
368,0.6094593261240469,0.8901
369,0.6058086414962691,0.8937
370,0.6078457088712271,0.8932
371,0.6135975487411087,0.8877
372,0.6056857997592161,0.8925
373,0.6105988712101087,0.8906
374,0.6027091962142788,0.8948
375,0.6057848599851101,0.8922
376,0.612319810351867,0.8839
377,0.6079266875441501,0.8893
378,0.6117625444696577,0.8881
379,0.6104359240214606,0.8875
380,0.6027153426098887,0.8918
381,0.6058663154257156,0.8907
382,0.6031253808755571,0.8931
383,0.6015670803959673,0.8943
384,0.6060829596054165,0.8895
385,0.6034887963825047,0.893
386,0.6043904494541305,0.893
387,0.6040244996916604,0.8929
388,0.6137829296189574,0.8869
389,0.6023192520737866,0.8941
390,0.6033736959701811,0.8925
391,0.6038756139775208,0.8917
392,0.6027564108144909,0.8933
393,0.6035937508061124,0.8931
394,0.6050488562420593,0.8918
395,0.6070294898694765,0.8917
396,0.6033888760314902,0.8927
397,0.6038619285178908,0.8923
398,0.6039834080098008,0.8913
399,0.6034446433034919,0.8923
400,0.6059447695622983,0.8927
401,0.6046009109433403,0.8925
402,0.5998960736831422,0.8952
403,0.6010890986771514,0.8946
404,0.6063493452943806,0.8895
405,0.6029965363844526,0.8907
406,0.6030658236211572,0.8929
407,0.6022383542932588,0.8915
408,0.6011071236698207,0.895
409,0.6017758065598393,0.8924
410,0.6019944333871515,0.8941
411,0.6141346820285134,0.884
412,0.598597218012339,0.8933
413,0.6049635325022841,0.8936
414,0.6053162598477415,0.8916
415,0.601319474090498,0.8934
416,0.5998022025240579,0.8953
417,0.6000737837933853,0.894
418,0.600615544736388,0.8914
419,0.6007887971992226,0.8939
420,0.5973515564109171,0.8958
421,0.5979703092261354,0.8938
422,0.6035301798865592,0.8907
423,0.5987041346551217,0.894
424,0.5961990355502716,0.8956
425,0.5988104076498131,0.8941
426,0.5985824531833835,0.8939
427,0.6033972228260343,0.8907
428,0.6020566938116267,0.8912
429,0.6012006143722938,0.8934
430,0.598334594425392,0.8936
431,0.5973757851876536,0.8943
432,0.5990389868751889,0.8949
433,0.5992776874388343,0.8942
434,0.5955659916314104,0.8964
435,0.598993672051418,0.8946
436,0.6001577047114032,0.8922
437,0.5964279759741139,0.8942
438,0.5981101371616033,0.8939
439,0.600465115087063,0.8906
440,0.6052676242436055,0.8887
441,0.5995934470409349,0.8935
442,0.5989793796501925,0.8924
443,0.5997089278803219,0.8945
444,0.5952751988843007,0.8972
445,0.59816000244592,0.8931
446,0.5977605567735659,0.8921
447,0.5974939811420672,0.8943
448,0.5995603478287465,0.8925
449,0.5976316380460888,0.8948
450,0.5947139365499667,0.8962
451,0.5997469424947295,0.8933
452,0.5953558087102206,0.8951
453,0.6027511553160684,0.8894
454,0.5964605888906915,0.894
455,0.5961240073489358,0.8946
456,0.598807781168339,0.8933
457,0.5994083324422622,0.8935
458,0.5993977595630371,0.8921
459,0.5985501902415618,0.8939
460,0.596152644414744,0.8944
461,0.6013247651383222,0.8926
462,0.5984074625557753,0.8929
463,0.5952867624400986,0.8925
464,0.5970678575691756,0.8943
465,0.5991342265560969,0.8932
466,0.5960307135526024,0.8933
467,0.601860907378086,0.8892
468,0.5946700059367052,0.8948
469,0.5989249414233121,0.8932
470,0.595731867637908,0.8932
471,0.602060615789291,0.8898
472,0.5992699352544161,0.8919
473,0.5987003086798639,0.893
474,0.5997339018482766,0.8925
475,0.5934019213035493,0.8955
476,0.5964134341346258,0.8935
477,0.596123870385096,0.894
478,0.6003617489269515,0.8911
479,0.59609772068898,0.8936
480,0.5964431018325644,0.8933
481,0.5957861267888525,0.8932
482,0.5914674841399331,0.8958
483,0.5940101492418195,0.8939
484,0.5922298681604196,0.8968
485,0.5951123001380011,0.8956
486,0.5939584942060883,0.8948
487,0.5929469058720994,0.8935
488,0.5956544714673445,0.8922
489,0.5934446775280984,0.8947
490,0.5938388471528128,0.8953
491,0.5898599035965427,0.8978
492,0.5944401054401532,0.8952
493,0.5927274585907955,0.8951
494,0.5933346076054572,0.8954
495,0.5943340180167427,0.8941
496,0.5913868844416242,0.8943
497,0.5955527844454379,0.8938
498,0.5893151439480976,0.8965
499,0.5911616747326366,0.8936
500,0.5945439843930325,0.8919
