# Configuration:

dataset name: rcv1
model name: softmax classification
num_clients: 100
learning_rate: 0.99
participation_rate: 0.1
num_classes: 2
learning_rate: 0.001
lambda: 0.001
participation_rate: 0.1
num_classes: 2
# Results:

round,obj,test
1,0.49347441138478343,0.9238711589763857
2,0.49397569899040605,0.9260942594605276
3,0.4859737880289282,0.942248789645292
4,0.48563076484188433,0.9198695781049303
5,0.4710802964159935,0.942248789645292
6,0.47090924595060946,0.9410631360537496
7,0.46871276994782496,0.9398774824622073
8,0.4614016414497213,0.9495109178934887
9,0.444964135495662,0.9466455883805948
10,0.44437490760101184,0.9473372196423279
11,0.4375450858212162,0.9453117280901097
12,0.4377596218987805,0.9481770576030036
13,0.4417308981098435,0.9473372196423279
14,0.42659460080281175,0.9477324375061753
15,0.42811909456419284,0.950844778183974
16,0.42426318151048864,0.9471890129433851
17,0.4242101623138124,0.9499555379903172
18,0.4222629086954532,0.9495603201264697
19,0.4224573201335804,0.9518328228435925
20,0.4231207557212861,0.9516846161446497
21,0.42269258282655153,0.9517834206106116
22,0.42361857119111773,0.9531172809010967
23,0.4221894049533858,0.9540065210947535
24,0.42056913739121243,0.9532160853670586
25,0.4199528307626056,0.9532654876000395
26,0.42088653388403313,0.9530678786681158
27,0.4204655020030979,0.9532160853670586
28,0.42023322699308896,0.9533148898330205
29,0.4225374994663858,0.9539077166287916
30,0.42271805961385234,0.9549945657543721
31,0.4217202813942801,0.955043967987353
32,0.42209945876388405,0.954302934492639
33,0.4233791631847245,0.9537595099298488
34,0.42268660863253643,0.953611303230906
35,0.42677993878085807,0.9553403813852386
36,0.43330083953538995,0.9546487501235056
37,0.4226601153018,0.9552415769192768
38,0.4289161104382724,0.9544511411915818
39,0.42966095345137456,0.954302934492639
40,0.4243555922214853,0.9556861970161051
41,0.42354306024321653,0.9560320126469717
42,0.42300728396931947,0.9548957612884102
43,0.4240476072851487,0.9548957612884102
44,0.43280831485515314,0.955043967987353
45,0.4243569769409047,0.9547475545894675
46,0.426356048582805,0.9550933702203339
47,0.42808687856025074,0.9560320126469717
48,0.42983692068157214,0.9551427724533149
49,0.42407961235934666,0.9558838059480288
50,0.4299090909611573,0.9558838059480288
51,0.4261300072851286,0.9555379903171624
52,0.42366930579511064,0.9545005434245628
53,0.43035264184743416,0.9569706550736093
54,0.4249896442771586,0.9553403813852386
55,0.42527229327302335,0.9554885880841814
56,0.4268703216469702,0.9561308171129335
57,0.42237513847584707,0.955785001482067
58,0.4238992686276375,0.9553897836182196
59,0.42261104341479183,0.9567730461416856
60,0.42433102205471074,0.9561802193459145
61,0.4246102830843506,0.9562790238118763
62,0.4238261938901341,0.954302934492639
63,0.4223137328108095,0.9558838059480288
64,0.4259312916352295,0.9559826104139907
65,0.4225849163340866,0.9550933702203339
66,0.4240201386178104,0.9551427724533149
67,0.42319739700406434,0.9560320126469717
68,0.42401497905764396,0.9551921746862958
69,0.42193339499274035,0.9544017389586009
70,0.42287374015408685,0.9531172809010967
71,0.42285161637201374,0.9548463590554293
72,0.42454457135410195,0.9550933702203339
73,0.42393496754145854,0.955785001482067
74,0.4215647502657392,0.9561308171129335
75,0.42389247936826985,0.9542041300266773
76,0.43389663074490514,0.9530678786681158
77,0.4226694934999403,0.9544511411915818
78,0.42111172568374794,0.9540065210947535
79,0.4204341479343017,0.9540559233277344
80,0.4216006155444014,0.9555379903171624
81,0.42049020202379084,0.9542041300266773
82,0.42378027059802864,0.9535619009979251
83,0.4212560429257203,0.954302934492639
84,0.4209311110299525,0.9546487501235056
85,0.42067972748652366,0.9521292362414782
86,0.4201174846070667,0.9547969568224484
87,0.42758576236485896,0.9551921746862958
88,0.4201192432170998,0.9534136942989823
89,0.4204269509330218,0.9533642920660014
90,0.42032564938885636,0.9542041300266773
91,0.4208629123392553,0.9551427724533149
92,0.4202468067662733,0.9538089121628298
93,0.4207840115490201,0.9534630965319633
94,0.4205285240201233,0.9533148898330205
95,0.4232718875058601,0.9547475545894675
96,0.42092821576804773,0.9553897836182196
97,0.42009608648809854,0.9545005434245628
98,0.42039826326042024,0.9540559233277344
99,0.4209905611736897,0.954302934492639
100,0.4205891254444586,0.9532160853670586
101,0.4198915027175758,0.9532160853670586
102,0.4199650618561915,0.952870269736192
103,0.4197269676477366,0.9539571188617726
104,0.4211151300236877,0.9532654876000395
105,0.4200099530872763,0.9534630965319633
106,0.41969866242715054,0.9530678786681158
107,0.41953956497974965,0.9535124987649441
108,0.42034446434551676,0.9538089121628298
109,0.41974013260955356,0.9541547277936963
110,0.42085887431506247,0.95435233672562
111,0.41968625091143097,0.9545005434245628
112,0.41950185585523175,0.9538583143958107
113,0.41973461317069943,0.9541547277936963
114,0.4197790737175313,0.9545005434245628
115,0.4198141880084601,0.9552415769192768
116,0.42020610716166096,0.9538583143958107
117,0.4280909151302672,0.9506471692520502
118,0.4192760121675534,0.9532160853670586
119,0.4339722766250151,0.9504495603201265
120,0.4207553806366639,0.9539077166287916
121,0.41950700079900877,0.95435233672562
122,0.4197052170660915,0.9545005434245628
123,0.41945977785006583,0.9532654876000395
124,0.41922334870623235,0.955043967987353
125,0.41949726664262454,0.9537101076968679
126,0.41919072597707835,0.9547969568224484
127,0.4211797445297179,0.9532654876000395
128,0.4195724352741078,0.9540559233277344
129,0.42014195169235313,0.9545499456575437
130,0.42109756464077724,0.9560320126469717
131,0.41925201073713814,0.9545499456575437
132,0.4230593756482233,0.9553403813852386
133,0.41933572886027304,0.9547475545894675
134,0.41951440063117296,0.954302934492639
135,0.4217226126330851,0.9551427724533149
136,0.41953495169037075,0.9542535322596581
137,0.41975867326361344,0.9538089121628298
138,0.41953942741019346,0.9540065210947535
139,0.4203539746049624,0.9555873925501432
140,0.42059144841138096,0.9533148898330205
141,0.4198973510921143,0.9544511411915818
142,0.41910471025677914,0.954302934492639
143,0.4221453594965417,0.9553403813852386
144,0.41947632503410487,0.954302934492639
145,0.41934429463651834,0.9539077166287916
146,0.4199823867773915,0.9541053255607154
147,0.41921970243166395,0.9554885880841814
148,0.4192605779678194,0.9559826104139907
149,0.421531663831279,0.9552909791522577
150,0.41951257122052266,0.9554885880841814
151,0.4191429394739748,0.9553897836182196
152,0.4224958985513733,0.9561802193459145
153,0.42143869841167103,0.9542535322596581
154,0.4213584972624483,0.9529690742021539
155,0.41917684147158235,0.9537595099298488
156,0.4193603724607685,0.9545993478905247
157,0.4232567409347013,0.9559826104139907
158,0.41919164359617794,0.9555873925501432
159,0.4195864757631546,0.9562296215788954
160,0.41909226585621423,0.9550933702203339
161,0.4204499486783604,0.9548957612884102
162,0.419055352022345,0.9546981523564865
163,0.4189975600940253,0.9552909791522577
164,0.41923670403923463,0.9540559233277344
165,0.4194472701558531,0.9561308171129335
166,0.4191382013738841,0.9545499456575437
167,0.41915656539487095,0.9545499456575437
168,0.419678735289549,0.9532160853670586
169,0.4192196646036913,0.9549945657543721
170,0.4197065363267544,0.9549451635213911
171,0.4189701576912052,0.9554885880841814
172,0.41904481197062926,0.9555873925501432
173,0.41909427390888104,0.9549451635213911
174,0.4202728609475289,0.9561308171129335
175,0.4192431855256106,0.9538583143958107
176,0.41924001536636407,0.9555873925501432
177,0.41927525338385024,0.9547475545894675
178,0.4194621177349868,0.9562296215788954
179,0.4199078025553326,0.9556861970161051
180,0.4192637839281992,0.955735599249086
181,0.41930237687916827,0.9546487501235056
182,0.4193515895387306,0.9545005434245628
183,0.41940840351171377,0.9562296215788954
184,0.41894640032126906,0.9556861970161051
185,0.4193681442079049,0.955735599249086
186,0.41906979905059144,0.9558838059480288
187,0.4190109803281923,0.9547969568224484
188,0.41894803828041544,0.9553897836182196
189,0.4190882929666689,0.9547969568224484
190,0.4193702578755503,0.9542041300266773
191,0.4193168333461722,0.9553897836182196
192,0.41929219106483234,0.95435233672562
193,0.41945025928646756,0.9551921746862958
194,0.41923966606727225,0.9558838059480288
195,0.4190934011128395,0.9556861970161051
196,0.41894260100942493,0.9555873925501432
197,0.4189805961870821,0.9549451635213911
198,0.41879560518202963,0.9558838059480288
199,0.4188428083952659,0.9551427724533149
200,0.41897682880488474,0.9555873925501432
201,0.4188353672400302,0.9555379903171624
202,0.4191753544163785,0.9554391858512005
203,0.41905112381051113,0.9556367947831242
204,0.4189583470257084,0.9559826104139907
205,0.41925341009437855,0.9560320126469717
206,0.41893244372826366,0.9551427724533149
207,0.4189803211944626,0.9555873925501432
208,0.4188396385176274,0.9546487501235056
209,0.41875789805241953,0.9555873925501432
210,0.4189295016290771,0.9558344037150479
211,0.41901951158865924,0.9555873925501432
212,0.4194285321460467,0.9542535322596581
213,0.4191902455552279,0.9545993478905247
214,0.41902761335763344,0.9554885880841814
215,0.42008333537877474,0.9545993478905247
216,0.4189298602518195,0.9552909791522577
217,0.4188510407890485,0.955735599249086
218,0.41878274598404686,0.9553403813852386
219,0.41877932513490185,0.9552415769192768
220,0.41899317620422977,0.9546981523564865
221,0.4188334021154819,0.9548957612884102
222,0.41880088701744567,0.9552415769192768
223,0.4189796077853669,0.9560320126469717
224,0.4188789590260558,0.9545499456575437
225,0.41879294190549204,0.9548957612884102
226,0.4188228681165778,0.955043967987353
227,0.4193142525835323,0.95435233672562
228,0.4187656344826173,0.9551427724533149
229,0.4188220810379574,0.9545993478905247
230,0.4187536295209986,0.9553897836182196
231,0.4188136352934057,0.9550933702203339
232,0.4188233052475536,0.9546487501235056
233,0.4188054247734976,0.9547475545894675
234,0.41882716004410053,0.9547475545894675
235,0.4187910399230784,0.9549451635213911
236,0.4188914002990306,0.954302934492639
237,0.41903147168440436,0.9553403813852386
238,0.418790058284399,0.9546981523564865
239,0.4192688538461102,0.9540065210947535
240,0.4187970202184865,0.9548957612884102
241,0.41876228443363755,0.9542535322596581
242,0.419113491362983,0.9544017389586009
243,0.4187265997836779,0.9549451635213911
244,0.4187444527161855,0.9558344037150479
245,0.4188412006804837,0.9545005434245628
246,0.41884803608730004,0.9551921746862958
247,0.41877214612684427,0.9542041300266773
248,0.41874132796991487,0.9549945657543721
249,0.41902984886351685,0.9530184764351348
250,0.4193386152387914,0.953611303230906
251,0.41870354949609107,0.9548463590554293
252,0.4187312458777767,0.9545993478905247
253,0.41868971281291467,0.9545993478905247
254,0.4188123949077048,0.9548957612884102
255,0.4187810572082705,0.9554391858512005
256,0.41918128743281247,0.9533642920660014
257,0.4187005259883125,0.955043967987353
258,0.4187163004965071,0.95435233672562
259,0.4187749609739868,0.9561308171129335
260,0.41871671674857,0.9545993478905247
261,0.41871220742877074,0.9545993478905247
262,0.41873033585570857,0.9549945657543721
263,0.4187699527378273,0.9544017389586009
264,0.4187146904110007,0.9548957612884102
265,0.4187841580562937,0.9551427724533149
266,0.4188850516721766,0.9550933702203339
267,0.42000616579029937,0.9564766327438
268,0.4189751149629818,0.9544511411915818
269,0.4187458155027597,0.9549451635213911
270,0.41881732093801166,0.95435233672562
271,0.4187060649841174,0.9555873925501432
272,0.41875429539967746,0.9553897836182196
273,0.4194421296798569,0.955785001482067
274,0.41872571044355555,0.955043967987353
275,0.41873688996974634,0.9548957612884102
276,0.4189458169729553,0.9552415769192768
277,0.41897048932757336,0.9560814148799526
278,0.4187239912521124,0.9551427724533149
279,0.41866804539988234,0.9551921746862958
280,0.4186849095709172,0.9546487501235056
281,0.4186953457686232,0.9548463590554293
282,0.4186800406656878,0.9547475545894675
283,0.4187471724490956,0.9554391858512005
284,0.41877086250811485,0.9553897836182196
285,0.4186856903698079,0.9548463590554293
286,0.4187946627452771,0.9553897836182196
287,0.41865840220234735,0.9551921746862958
288,0.4188689306177687,0.9545005434245628
289,0.4187811349428452,0.9546487501235056
290,0.4186558443013578,0.9548957612884102
291,0.4186847918261428,0.9552909791522577
292,0.41901862441029575,0.9556861970161051
293,0.4187044013857319,0.9554391858512005
294,0.4187068029225739,0.9552909791522577
295,0.41871615693068165,0.9547475545894675
296,0.41886495678225927,0.9546487501235056
297,0.4187402883657758,0.9549945657543721
298,0.41871367230052264,0.9554391858512005
299,0.41869577995818213,0.9553403813852386
300,0.4188570401612238,0.9549451635213911
301,0.4188228257152126,0.9552415769192768
302,0.41867877129331366,0.955785001482067
303,0.41871021698862015,0.9553897836182196
304,0.4188470669155208,0.9551921746862958
305,0.4187101119129408,0.9554885880841814
306,0.4191349587345293,0.9549451635213911
307,0.41875542777185093,0.9554391858512005
308,0.4192602647704488,0.9544017389586009
309,0.4187166358043764,0.9548463590554293
310,0.4186679898625313,0.9549945657543721
311,0.41884070706616605,0.9553403813852386
312,0.4186830435772523,0.9552909791522577
313,0.4186961157401226,0.9549945657543721
314,0.41866865480257925,0.9550933702203339
315,0.41866565750377027,0.9545993478905247
316,0.4187096716823183,0.9553897836182196
317,0.41877650593400334,0.9545993478905247
318,0.41867847166211974,0.9555873925501432
319,0.4186429485200944,0.9551427724533149
320,0.4186897937831525,0.9552909791522577
321,0.41870969670253105,0.9551921746862958
322,0.4186406879872554,0.9553897836182196
323,0.4187002564964614,0.9554391858512005
324,0.41868422288292356,0.9544017389586009
325,0.4186293616977688,0.9547969568224484
326,0.41867342898673754,0.9553897836182196
327,0.41875861466032394,0.955735599249086
328,0.4186581937152672,0.9554391858512005
329,0.41931524480708604,0.9564766327438
330,0.4189970783822079,0.9563778282778381
331,0.4186837054762096,0.9554391858512005
332,0.418629138995836,0.9547969568224484
333,0.4186329317822181,0.9547969568224484
334,0.4186651556962879,0.9554885880841814
335,0.4187595465611304,0.9549451635213911
336,0.41885847544180616,0.9548463590554293
337,0.4186685902327704,0.9548463590554293
338,0.4186599157358497,0.9555873925501432
339,0.41875353286101125,0.9550933702203339
340,0.4186581355331629,0.9549451635213911
341,0.41869851830184374,0.9558838059480288
342,0.41866054522364016,0.9555379903171624
343,0.41865314402854104,0.9555379903171624
344,0.4186363362573765,0.9558344037150479
345,0.4186367313181611,0.9547969568224484
346,0.4186360458779288,0.9551427724533149
347,0.4186806543338504,0.9555379903171624
348,0.418626810995338,0.9555873925501432
349,0.41866957859635906,0.9555379903171624
350,0.4187478660450846,0.9547475545894675
351,0.4186264762845624,0.9551427724533149
352,0.4186525565146257,0.9552415769192768
353,0.4186916479426585,0.955043967987353
354,0.4186496433339871,0.9556367947831242
355,0.41862712152299003,0.9551921746862958
356,0.41864267085492535,0.9551921746862958
357,0.4186137412724404,0.9556367947831242
358,0.41865665779420114,0.9550933702203339
359,0.41862728308067626,0.9552415769192768
360,0.41864217595873604,0.9552415769192768
361,0.4186845552752718,0.9550933702203339
362,0.41865828369950664,0.9546981523564865
363,0.41865261621573774,0.9554885880841814
364,0.41860741338278895,0.9553403813852386
365,0.4186260569379376,0.9553403813852386
366,0.41864236338800404,0.955043967987353
367,0.418618006413054,0.9552909791522577
368,0.4186428074510786,0.9555873925501432
369,0.41862427674880776,0.9556367947831242
370,0.41861262099845686,0.9554885880841814
371,0.41876356434355944,0.9546981523564865
372,0.41866291726893623,0.955785001482067
373,0.418610405203758,0.9553403813852386
374,0.41863521243386775,0.9552909791522577
375,0.41865402887475184,0.9549945657543721
376,0.41862512545108643,0.9553897836182196
377,0.41861368293432905,0.9553403813852386
378,0.4186095820490171,0.9552909791522577
379,0.4186305402606237,0.9550933702203339
380,0.4186208657946032,0.9553403813852386
381,0.4186233135796614,0.9552415769192768
382,0.41860733922426935,0.9552909791522577
383,0.4186140971952529,0.9553403813852386
384,0.41862615732262926,0.955043967987353
385,0.41860894568414936,0.9553897836182196
386,0.4186200007219645,0.9553403813852386
387,0.4186142291227502,0.9555379903171624
388,0.41861085781011637,0.9552415769192768
389,0.4186176974779564,0.9551921746862958
390,0.4186107211226423,0.9549451635213911
391,0.4186773550059387,0.9556367947831242
392,0.4186099269962766,0.955043967987353
393,0.4186235865039181,0.9548957612884102
394,0.41859923475093236,0.9555379903171624
395,0.41860221035741496,0.9553897836182196
396,0.41861106204437865,0.9550933702203339
397,0.41860999896179935,0.9552909791522577
398,0.41864118591684124,0.9548463590554293
399,0.41860892322778703,0.9551427724533149
400,0.4186107806513929,0.9554885880841814
401,0.4186111376672265,0.9551427724533149
402,0.4186034464190689,0.9550933702203339
403,0.41861325608065686,0.9553897836182196
404,0.4186118570046659,0.9553897836182196
405,0.41860588813731603,0.9551427724533149
406,0.41861356560735097,0.9555379903171624
407,0.4186087658500662,0.9552909791522577
408,0.4186012514222507,0.9553403813852386
409,0.41860155310078445,0.9552415769192768
410,0.41861487582244644,0.9551427724533149
411,0.4186208180995734,0.9553897836182196
412,0.4186125153961568,0.9551921746862958
413,0.41861231478287064,0.9551921746862958
414,0.41861711290815,0.9552909791522577
415,0.41859735695220995,0.9550933702203339
416,0.4186060385581117,0.9551427724533149
417,0.4185982348194871,0.9550933702203339
418,0.4186078969408544,0.9553403813852386
419,0.4186732755922972,0.9554885880841814
420,0.4186008449461256,0.9554391858512005
421,0.4185959471180041,0.9553403813852386
422,0.41860869567245174,0.9553897836182196
423,0.418604255345058,0.9551921746862958
424,0.4186023346460249,0.9552415769192768
425,0.4186057053751755,0.9556861970161051
426,0.4186020350876132,0.9547969568224484
427,0.41860502155404256,0.9551921746862958
428,0.41859748029102106,0.9552909791522577
429,0.4186114655083139,0.9548957612884102
430,0.4185975925970743,0.9550933702203339
431,0.4186102816340416,0.9556367947831242
432,0.41861148087109196,0.9555873925501432
433,0.4185983252169255,0.9551427724533149
434,0.4186013419051532,0.955043967987353
435,0.41859721477740175,0.9554885880841814
436,0.41860442321031405,0.9554885880841814
437,0.41859660422039535,0.9553897836182196
438,0.41860342831886294,0.955043967987353
439,0.41859956237071133,0.9553403813852386
440,0.4185941712820651,0.9550933702203339
441,0.4186024446773696,0.9554391858512005
442,0.4186104464962512,0.9554391858512005
443,0.4186194812456774,0.9549451635213911
444,0.4185950408292126,0.9550933702203339
445,0.41860602999641183,0.9552415769192768
446,0.41860376187407833,0.9550933702203339
447,0.4185963528655445,0.9551921746862958
448,0.41859617415121286,0.9551427724533149
449,0.41859728050765926,0.9552909791522577
450,0.4185983888066549,0.9553897836182196
451,0.4186159123440855,0.9547969568224484
452,0.4186016594145408,0.9551427724533149
453,0.4185974185243267,0.9551427724533149
454,0.4185987863417835,0.955043967987353
455,0.41859744746592537,0.9552909791522577
456,0.4185956253431649,0.9551921746862958
457,0.41859803627746234,0.9555379903171624
458,0.4186055912229727,0.955043967987353
459,0.4185945519748823,0.9552909791522577
460,0.4185969361025816,0.9552909791522577
461,0.4185976068094089,0.9551921746862958
462,0.418605394006289,0.9555873925501432
463,0.41859444200125373,0.9551921746862958
464,0.41860027596792404,0.9552415769192768
465,0.41859401982771655,0.9554885880841814
466,0.41860867691410647,0.9551427724533149
467,0.4185998680333901,0.9553403813852386
468,0.41859048195535203,0.9551427724533149
469,0.41859734767455004,0.9552415769192768
470,0.4185924222100238,0.9554885880841814
471,0.41860266143064284,0.9552909791522577
472,0.41859505368945105,0.9551921746862958
473,0.4185923152751089,0.9552415769192768
474,0.41859840150693256,0.9552909791522577
475,0.4185936281889732,0.9553403813852386
476,0.41859548011213626,0.9556367947831242
477,0.4185935136466971,0.9551921746862958
478,0.4185921033297088,0.9550933702203339
479,0.4185919536047993,0.9551427724533149
480,0.4185920762368514,0.9552415769192768
481,0.4185921986219803,0.9553403813852386
482,0.41859098111436827,0.9551921746862958
483,0.41859497049083383,0.9554391858512005
484,0.4185912279373085,0.9554391858512005
485,0.41859045797084354,0.9552415769192768
486,0.418597944809916,0.9554885880841814
487,0.4186153836096229,0.9555379903171624
488,0.4185946924550516,0.9549945657543721
489,0.4185941524144573,0.9551427724533149
490,0.41859291343324667,0.9554391858512005
491,0.4185902915923067,0.9553403813852386
492,0.4185935400924132,0.9552415769192768
493,0.41859644437766164,0.9555873925501432
494,0.41859074520310374,0.9553897836182196
495,0.4185939685284306,0.9552909791522577
496,0.41858952380636344,0.9551921746862958
497,0.41860580144453896,0.955785001482067
498,0.4185917159915019,0.9551427724533149
499,0.41859408244211294,0.9553403813852386
500,0.4185926319470091,0.9554391858512005
