# Configuration:

dataset name: mnist
model name: softmax classification
num_clients: 100
learning_rate: 0.99
participation_rate: 0.05
num_classes: 10
learning_rate: 0.001
lambda: 0.01
participation_rate: 0.05
mu: 0
num_classes: 10
# Results:

round,obj,test
1,0.6058080636572142,0.8733833333333333
2,0.5971509948832806,0.87665
3,0.6010071804746857,0.8742333333333333
4,0.595898323462791,0.8744666666666666
5,0.5978778288411727,0.8738166666666667
6,0.5963062969237823,0.8741166666666667
7,0.6069114844892571,0.8723333333333333
8,0.6155347474485461,0.8706
9,0.5978097649932232,0.8784833333333333
10,0.590024374458291,0.8799333333333333
11,0.587035054169062,0.87705
12,0.5945543885470346,0.8783
13,0.5830571519303525,0.8832166666666666
14,0.5876955967025634,0.8817666666666667
15,0.5874999793770678,0.8807166666666667
16,0.5884660232406225,0.8805166666666666
17,0.5844975703788855,0.8808
18,0.5794289262643016,0.88275
19,0.5717393770213124,0.8877666666666667
20,0.5733729973253021,0.88435
21,0.5811283224832156,0.88265
22,0.5785002959347422,0.8873166666666666
23,0.5825543699703535,0.8845
24,0.5822109853242247,0.8854333333333333
25,0.5689550878994665,0.8904833333333333
26,0.5737862611798304,0.8875333333333333
27,0.5825269542268039,0.884
28,0.5862915687783012,0.8828
29,0.5762732723254614,0.8869333333333334
30,0.5737261285420486,0.88545
31,0.5747200642433226,0.8876333333333334
32,0.5694041930174254,0.8900333333333333
33,0.5780699051724415,0.8852
34,0.5820552294632297,0.8814
35,0.5711339746276725,0.8910833333333333
36,0.5790692954675943,0.8885666666666666
37,0.5672455583672819,0.8925833333333333
38,0.5722403875901454,0.8880333333333333
39,0.5686045176676385,0.8927166666666667
40,0.5729937721025715,0.8903833333333333
41,0.5669885427285842,0.8921333333333333
42,0.5709719913968251,0.8887333333333334
43,0.5721267193911048,0.8888833333333334
44,0.5673297148182643,0.8934
45,0.5674318115161068,0.8917333333333334
46,0.5725328664285544,0.8908333333333334
47,0.566338880781573,0.8948833333333334
48,0.5733893939579126,0.89105
49,0.5690008300990592,0.8931333333333333
50,0.5722821912152866,0.8936333333333333
51,0.5666369947160467,0.8911666666666667
52,0.5667564581450195,0.8917333333333334
53,0.5708186534321155,0.8944833333333333
54,0.5713344130864796,0.8942333333333333
55,0.5677988852496055,0.8950333333333333
56,0.5673610645331064,0.8952666666666667
57,0.5670022834273559,0.8950166666666667
58,0.5684174059344745,0.8947333333333334
59,0.569256796898146,0.89085
60,0.5638831746205747,0.8964666666666666
61,0.5668122837795723,0.89295
62,0.5676286875580692,0.8951333333333333
63,0.5645619536837786,0.8964166666666666
64,0.5671446551947609,0.89495
65,0.5683404415506118,0.8920333333333333
66,0.568752284194013,0.8975333333333333
67,0.5693665121102817,0.8967
68,0.5704145403522008,0.8965
69,0.5664328427764384,0.8976166666666666
70,0.5668539094546143,0.89485
71,0.5679590013962967,0.89455
72,0.5700516758088647,0.8960833333333333
73,0.5638348333504187,0.8956333333333333
74,0.5676226341505622,0.89475
75,0.5633482182454196,0.8958333333333334
76,0.5640788734074988,0.8992333333333333
77,0.5656704485669202,0.8964333333333333
78,0.565996042392959,0.89695
79,0.5640899059105364,0.8977166666666667
80,0.5653091715686567,0.9002166666666667
81,0.5649969172427164,0.8959333333333334
82,0.565267621878608,0.8978166666666667
83,0.5650791533245181,0.89615
84,0.5652874771154643,0.89685
85,0.5713348224047569,0.8959833333333334
86,0.5633936552426138,0.8957666666666667
87,0.5674621832569515,0.8962333333333333
88,0.5670253849024259,0.8986166666666666
89,0.5679593496111087,0.8947
90,0.5677147456269599,0.8959666666666667
91,0.5651826278479646,0.89585
92,0.5639119264799308,0.89595
93,0.5637716441354922,0.8980666666666667
94,0.562411457114367,0.8963166666666667
95,0.56511565263837,0.8980666666666667
96,0.5627731498925338,0.8998
97,0.5621760476350104,0.8986833333333333
98,0.5658221998676306,0.8948333333333334
99,0.5648581169352133,0.8971833333333333
100,0.5634606958462024,0.89915
101,0.5660975860732578,0.8954333333333333
102,0.5632068395297699,0.89865
103,0.5623218472525091,0.9003
104,0.5625736386899349,0.8985833333333333
105,0.5660706534081059,0.8962333333333333
106,0.5629753570620238,0.8967833333333334
107,0.565499756920636,0.8979
108,0.5621594898692391,0.8988166666666667
109,0.5630384455038289,0.8975833333333333
110,0.5643377884922571,0.8975333333333333
111,0.5628196933814895,0.89885
112,0.5626782626891068,0.8991833333333333
113,0.5683074838073529,0.8988333333333334
114,0.5614255703616681,0.89765
115,0.5641966562815001,0.8958666666666667
116,0.561834073849229,0.8989166666666667
117,0.5624821942038036,0.8992833333333333
118,0.5636296110085869,0.8989
119,0.5628589525354091,0.89755
120,0.5630792068977912,0.89685
121,0.5627705234555533,0.8993166666666667
122,0.5631133052292637,0.8987666666666667
123,0.5659444053937512,0.9002833333333333
124,0.5632667722127926,0.8985333333333333
125,0.5620644544000561,0.898
126,0.5623569946577834,0.8983333333333333
127,0.562597722980056,0.8986333333333333
128,0.5650272107235748,0.8986166666666666
129,0.562379128343181,0.8991333333333333
130,0.5619685067177521,0.8991833333333333
131,0.5626982348649909,0.8975833333333333
132,0.5671899390200849,0.899
133,0.5638499051837051,0.89935
134,0.5634500051983322,0.8981
135,0.5648302104090035,0.8971
136,0.5617946514242923,0.8974333333333333
137,0.5613644357281352,0.8976333333333333
138,0.5618476334216896,0.8974666666666666
139,0.5629454533609076,0.8993
140,0.5626746882123761,0.89845
141,0.5631738519153302,0.89715
142,0.5618146214754143,0.89765
143,0.5629842095249674,0.8995
144,0.5640602112479143,0.8975333333333333
145,0.561803804302082,0.89755
146,0.5625484703224745,0.8981
147,0.5624341804654269,0.8986
148,0.5633938190127864,0.8976666666666666
149,0.5610289538056515,0.8977333333333334
150,0.5623989767725919,0.8958
151,0.5629632977005419,0.89815
152,0.5627271567441184,0.8968666666666667
153,0.5607103993030584,0.8992833333333333
154,0.5631291020065201,0.8976833333333334
155,0.5616020135988367,0.89915
156,0.5606739508761505,0.8981666666666667
157,0.5644929706104735,0.8980666666666667
158,0.5612262330469532,0.8984333333333333
159,0.5616793013374932,0.898
160,0.5655740331049796,0.8934
161,0.5616682666496456,0.8986333333333333
162,0.5614894821375195,0.8982
163,0.5609811774715012,0.8992166666666667
164,0.5615694290469851,0.8987666666666667
165,0.5612435134702028,0.8997333333333334
166,0.5606251729026188,0.8984833333333333
167,0.562236988166466,0.8972
168,0.5606201245123997,0.8993333333333333
169,0.5630686578011973,0.8969
170,0.5621548497526437,0.89755
171,0.5616007327196166,0.8986
172,0.5611118302807376,0.89855
173,0.5632950404315034,0.8983666666666666
174,0.5623454683947491,0.8981833333333333
175,0.5603142774709254,0.8982166666666667
176,0.5609259833898896,0.8978833333333334
177,0.5614869132397962,0.8977666666666667
178,0.5604359462195851,0.8981333333333333
179,0.5598899277314013,0.8996333333333333
180,0.5613032776180275,0.8995833333333333
181,0.5629260672204244,0.8992833333333333
182,0.561101764281637,0.89835
183,0.5620945120671411,0.89975
184,0.5607812176542998,0.8978333333333334
185,0.5603467942664498,0.8982333333333333
186,0.5604544712360027,0.8982166666666667
187,0.561488847407564,0.8998333333333334
188,0.5603950144814092,0.8990333333333334
189,0.56053577826004,0.8985166666666666
190,0.5625448206195818,0.9002
191,0.5604923330352164,0.8993
192,0.56036388406445,0.8985
193,0.5600423490638176,0.8995666666666666
194,0.56035762460724,0.89855
195,0.5611309139103872,0.8992833333333333
196,0.5606969319953341,0.8994
197,0.56201931761524,0.8977333333333334
198,0.5608040045097664,0.8987333333333334
199,0.5610455357832063,0.8985666666666666
200,0.5614823664422552,0.8970166666666667
201,0.5614019683446446,0.8967833333333334
202,0.5596471412215305,0.8987166666666667
203,0.5605942128557089,0.8990666666666667
204,0.5602401555362667,0.8981333333333333
205,0.5608446763035667,0.8989
206,0.5605323572119068,0.8988833333333334
207,0.560272978718626,0.8993
208,0.560908243388183,0.89815
209,0.5611653337723813,0.89865
210,0.560630762841485,0.8988166666666667
211,0.5601297426058284,0.89905
212,0.5594073243172716,0.8987
213,0.5599461490288226,0.8993166666666667
214,0.5598305239666823,0.8989333333333334
215,0.5602100424611812,0.89905
216,0.5607180695270474,0.8985166666666666
217,0.5603033716099354,0.8987333333333334
218,0.5600829020280235,0.8990833333333333
219,0.5595885251467054,0.8976166666666666
220,0.5609936836808597,0.8982333333333333
221,0.5601571972147293,0.89865
222,0.5621272879718994,0.9006166666666666
223,0.5596337813773423,0.8978
224,0.5599112680425804,0.8976166666666666
225,0.5615250701805837,0.89995
226,0.5602574949397676,0.8981166666666667
227,0.5600425331356458,0.8986166666666666
228,0.5602844295018035,0.8978333333333334
229,0.5600077428669646,0.8982333333333333
230,0.5605983072822002,0.8993166666666667
231,0.5594844328694735,0.8990833333333333
232,0.5604084358540661,0.8994666666666666
233,0.5596308942976441,0.8992833333333333
234,0.5596921015853203,0.89945
235,0.5596392053600243,0.8976833333333334
236,0.5607815649513598,0.8985833333333333
237,0.5598829311165625,0.89925
238,0.559799243073412,0.89775
239,0.5602537670201135,0.8981666666666667
240,0.5611850914792403,0.89855
241,0.5598556049440799,0.89835
242,0.5610676261512733,0.8988833333333334
243,0.5598203541764707,0.8975
244,0.5592587148410454,0.8993333333333333
245,0.5603620609057564,0.89695
246,0.5598492601923932,0.8980333333333334
247,0.5599768131752465,0.89875
248,0.5609672693109816,0.8981666666666667
249,0.560077398738485,0.8988166666666667
250,0.5593952255764926,0.89915
251,0.5595524346410277,0.8983666666666666
252,0.5609177344339692,0.8997666666666667
253,0.5607302737320942,0.899
254,0.5593921918090318,0.8998
255,0.5596732539990803,0.89745
256,0.5594713486368839,0.89855
257,0.5593176049498885,0.8995666666666666
258,0.5591658521647692,0.8991166666666667
259,0.5597186737825601,0.89765
260,0.5599422865658897,0.8990333333333334
261,0.5604543309798358,0.8970333333333333
262,0.5596543330790368,0.8985333333333333
263,0.5604018777059765,0.8971166666666667
264,0.5599885577278675,0.8989333333333334
265,0.560325173668878,0.8981
266,0.560369485044874,0.8988
267,0.5598499394190032,0.89925
268,0.5602778839940938,0.8996666666666666
269,0.560172351004881,0.89705
270,0.5606401262358011,0.8994333333333333
271,0.5598502082636928,0.8990333333333334
272,0.5594553708442846,0.8988333333333334
273,0.5597246426273459,0.89885
274,0.5598729117634259,0.8980666666666667
275,0.5599039015522919,0.89835
276,0.5592316372700682,0.8993666666666666
277,0.559353863280824,0.8984333333333333
278,0.5594297365809775,0.8990666666666667
279,0.5595982493350645,0.8980333333333334
280,0.5593626220684994,0.8988833333333334
281,0.5600022266775063,0.89855
282,0.5603459159352124,0.8996
283,0.5604881982048824,0.8980833333333333
284,0.5595824697387821,0.8990166666666667
285,0.5597627571024008,0.89735
286,0.5595901286307808,0.8994666666666666
287,0.5596862723349246,0.8972166666666667
288,0.5596651864737917,0.8990666666666667
289,0.5593611174661538,0.89945
290,0.5596061673652332,0.8986166666666666
291,0.5591949879535868,0.8989833333333334
292,0.5594019677507359,0.8992333333333333
293,0.5620312922968981,0.8983833333333333
294,0.559759260126545,0.8979333333333334
295,0.5602422493563494,0.8985166666666666
296,0.5589867308120247,0.8991833333333333
297,0.5597524444924685,0.8984666666666666
298,0.5596629190770259,0.8992
299,0.5597847886111659,0.89885
300,0.5593973869918715,0.9000833333333333
301,0.5591881197639555,0.8978833333333334
302,0.5593872086345066,0.8980333333333334
303,0.5596651385632336,0.8983666666666666
304,0.5596454371756133,0.8982666666666667
305,0.5602396781727645,0.8969333333333334
306,0.5590210738809552,0.9001333333333333
307,0.5593622200825341,0.89815
308,0.5591373891766296,0.8983166666666667
309,0.5591281882226714,0.89935
310,0.558946689298333,0.89895
311,0.5591491638785687,0.8988166666666667
312,0.5595327503165157,0.8998
313,0.5593677816530317,0.8993
314,0.5591041287781013,0.8999166666666667
315,0.559451582260337,0.8993166666666667
316,0.5592634113314454,0.8983166666666667
317,0.5597282559487021,0.89885
318,0.5590545065181001,0.8985666666666666
319,0.5590445280411065,0.8999333333333334
320,0.5591689648757332,0.8987
321,0.5592186835684456,0.8993333333333333
322,0.5594247481719912,0.8999333333333334
323,0.5596733820242041,0.8982
324,0.5592557542714616,0.8979
325,0.5592029312701927,0.8994
326,0.5594425285640098,0.8987666666666667
327,0.5590102516297,0.89915
328,0.559949504825374,0.8977833333333334
329,0.5599017602325254,0.8983
330,0.5592443248079731,0.8996333333333333
331,0.5597799822120342,0.8992
332,0.559780734531611,0.8995166666666666
333,0.5589941835499824,0.8994333333333333
334,0.5595659611626064,0.89995
335,0.5591283523841638,0.8991833333333333
336,0.5592529248965855,0.8992833333333333
337,0.5590373929417279,0.8985333333333333
338,0.5588901080960976,0.8989833333333334
339,0.5594026877447537,0.8995
340,0.5596130904338779,0.8986
341,0.5588021455214572,0.89925
342,0.5589904852199745,0.8995833333333333
343,0.5594557519150086,0.8993666666666666
344,0.5593450855337573,0.8990833333333333
345,0.5588730585926918,0.8989833333333334
346,0.5591708909106443,0.8989166666666667
347,0.5592020586623208,0.89945
348,0.5593896337512292,0.8999666666666667
349,0.5592169504832611,0.899
350,0.5589194130260663,0.8990666666666667
351,0.5587928475546836,0.8991833333333333
352,0.5590378797632792,0.8997666666666667
353,0.5589843284078712,0.8990833333333333
354,0.5591165657398087,0.89955
355,0.559044177300998,0.89795
356,0.5589559398685573,0.8985
357,0.5592057413031745,0.8992166666666667
358,0.5597657319982126,0.8979833333333334
359,0.5594242175254973,0.89905
360,0.5592220796761957,0.8990666666666667
361,0.5589956165116576,0.8992166666666667
362,0.5591326598569509,0.89985
363,0.5593691595056272,0.8995166666666666
364,0.5598086427514977,0.8990166666666667
365,0.5588153048357933,0.8995333333333333
366,0.5590873288416932,0.8992666666666667
367,0.5589837517282271,0.8994
368,0.5593051083469602,0.89965
369,0.5590972402172507,0.9000666666666667
370,0.5589881693984806,0.8991166666666667
371,0.5590765324409246,0.8996
372,0.5591746082537488,0.8990666666666667
373,0.5594046800412756,0.8994333333333333
374,0.5590069186062014,0.89865
375,0.5590120666504182,0.8992833333333333
376,0.5590593662921396,0.8981333333333333
377,0.5589058556909392,0.8988666666666667
378,0.5589462361950803,0.8988666666666667
379,0.5587561636661388,0.8997833333333334
380,0.5588986378340185,0.8987333333333334
381,0.5591506864647843,0.8984666666666666
382,0.5598043418399413,0.8971166666666667
383,0.5595136305229615,0.8994333333333333
384,0.5590687763352717,0.8990666666666667
385,0.5588691188308431,0.8994166666666666
386,0.5593183884256769,0.8995166666666666
387,0.5591341459259348,0.8993
388,0.5588861846824373,0.8987333333333334
389,0.5587875759830593,0.899
390,0.5588881368810876,0.899
391,0.5589305222020118,0.8989
392,0.5590012873622319,0.8999
393,0.5592716865293273,0.8988
394,0.5589314651899451,0.8990166666666667
395,0.5595037585008995,0.899
396,0.5589071917563484,0.8992
397,0.5592758881168054,0.8989833333333334
398,0.5590813717725718,0.8997166666666667
399,0.5589251250309776,0.8991833333333333
400,0.5588261750938524,0.8995166666666666
401,0.5594656006947818,0.8992
402,0.5588090524741192,0.9
403,0.559283673470749,0.8990666666666667
404,0.5589511876442806,0.8990333333333334
405,0.5589251249607267,0.9002
406,0.5587678431959918,0.89905
407,0.559041232204717,0.8982333333333333
408,0.5587556165005462,0.8994333333333333
409,0.5589842254532134,0.8980833333333333
410,0.5591351484766629,0.89855
411,0.5588622272443055,0.8988666666666667
412,0.5591527951797713,0.8992666666666667
413,0.5587319642574762,0.8996833333333333
414,0.5590050997225092,0.89875
415,0.5589677847839273,0.8988333333333334
416,0.5586921228971693,0.8995833333333333
417,0.5588478571336783,0.89905
418,0.5586620830815934,0.89935
419,0.5590327572669419,0.8984333333333333
420,0.5592281948266027,0.9004166666666666
421,0.558824606291361,0.8996333333333333
422,0.5589373271871243,0.8992166666666667
423,0.558948597667856,0.89985
424,0.5591882429443146,0.89935
425,0.5589031471526243,0.8993333333333333
426,0.5586701729110081,0.8994833333333333
427,0.5587262796164629,0.8994166666666666
428,0.558825319611044,0.89925
429,0.558798453263282,0.89965
430,0.5589217759726511,0.9002166666666667
431,0.5588234391116061,0.89905
432,0.558851808294222,0.89885
433,0.558691694887624,0.8988166666666667
434,0.5589352437178772,0.8996833333333333
435,0.558785907629249,0.8985166666666666
436,0.5587092758005917,0.8994666666666666
437,0.5588390892404552,0.8996333333333333
438,0.5590551677158153,0.89905
439,0.5589617102828066,0.8989333333333334
440,0.5588872174118725,0.8992666666666667
441,0.5587877868518286,0.8994333333333333
442,0.5590869854925982,0.89835
443,0.5590252196036495,0.89805
444,0.5588274764769364,0.89905
445,0.5588143435945094,0.8991333333333333
446,0.5589770912593874,0.89975
447,0.5588230734475291,0.8989833333333334
448,0.5591211887693041,0.8984833333333333
449,0.5587568246587851,0.8993333333333333
450,0.5590196672192401,0.8996166666666666
451,0.5588571861442432,0.8995333333333333
452,0.5586875278302315,0.89935
453,0.5591471520742219,0.8998
454,0.5587465462477685,0.89955
455,0.5586257054047886,0.8993
456,0.5587520030045631,0.8992666666666667
457,0.5588499755809905,0.8988
458,0.5587909594572356,0.8991166666666667
459,0.5587490470252506,0.8999166666666667
460,0.5586897165568668,0.89925
461,0.5588311403287134,0.899
462,0.5593783238244264,0.8986666666666666
463,0.5587559925366721,0.9002833333333333
464,0.5589099152698072,0.8994833333333333
465,0.558917736461151,0.8991333333333333
466,0.5588456157295889,0.8989166666666667
467,0.5587734528657381,0.8996
468,0.5589492041211332,0.8988333333333334
469,0.5587364355142785,0.8990666666666667
470,0.5589256557452397,0.8994333333333333
471,0.5589888647014339,0.8988833333333334
472,0.5594279221902458,0.89905
473,0.5588390077884118,0.8987
474,0.5589749324412745,0.8995
475,0.5586877448531073,0.8994833333333333
476,0.5588489614040509,0.8987166666666667
477,0.5587238140506401,0.8993166666666667
478,0.5588673071027196,0.8998333333333334
479,0.5587396756046088,0.8987
480,0.5587217659683394,0.8996333333333333
481,0.5591149864749806,0.8992333333333333
482,0.5590370980203835,0.8996
483,0.5591415912780607,0.8990333333333334
484,0.5587301221576929,0.8994666666666666
485,0.5589279931073222,0.8987833333333334
486,0.5587950402269894,0.8990666666666667
487,0.5586991820665976,0.8992666666666667
488,0.5587730150723937,0.8988166666666667
489,0.5587105356103302,0.8999
490,0.5588112195220291,0.8990833333333333
491,0.558874634364614,0.89965
492,0.558784387217885,0.8994
493,0.5587441872986254,0.8998833333333334
494,0.5587209723801273,0.8995166666666666
495,0.5591816692244673,0.8995166666666666
496,0.5588972268170412,0.8998833333333334
497,0.5592204104962218,0.8990833333333333
498,0.558875944038099,0.89985
499,0.5587466200650332,0.8995833333333333
500,0.5589711920930923,0.9001666666666667
501,0.5587664237626402,0.89895
502,0.5587062531228605,0.8992333333333333
503,0.5588310142065007,0.8999833333333334
504,0.5587161302911734,0.8988666666666667
505,0.5588203211099657,0.8995166666666666
506,0.5586134454694565,0.8999166666666667
507,0.5590047701862769,0.89885
508,0.5589197569832467,0.8986166666666666
509,0.5589229891564131,0.9004166666666666
510,0.5591084178984755,0.8995833333333333
511,0.5587252485901699,0.8994833333333333
512,0.558916248036143,0.89925
513,0.5586727490340792,0.89875
514,0.5588808842116924,0.8987166666666667
515,0.5586658356476796,0.8995333333333333
516,0.5587107002639893,0.8990833333333333
517,0.5587321492699485,0.89995
518,0.5589161585605585,0.8991833333333333
519,0.558588438562774,0.89925
520,0.5586702765021841,0.89975
521,0.5587928538633389,0.89955
522,0.558892751598798,0.8995333333333333
523,0.5586825772338636,0.8994666666666666
524,0.558709032558738,0.8997666666666667
525,0.5587054596369426,0.8990166666666667
526,0.558708561247781,0.8988333333333334
527,0.5586436261897842,0.8990166666666667
528,0.5586834476679131,0.89915
529,0.5588376385919901,0.90005
530,0.5586432808737213,0.8991666666666667
531,0.5587189923206218,0.8999833333333334
532,0.5587388461271239,0.8996833333333333
533,0.5587786598799737,0.90035
534,0.5589844067176438,0.89905
535,0.5587128947939882,0.8989166666666667
536,0.5588250841466282,0.8991333333333333
537,0.5588055869599672,0.8984
538,0.5589135601431151,0.8985333333333333
539,0.5588871942745799,0.8993
540,0.5585812738724586,0.8995333333333333
541,0.5586535641732894,0.8993333333333333
542,0.5585747310508485,0.9000666666666667
543,0.5587550670027959,0.89935
544,0.5585644585800696,0.89965
545,0.5586686864230035,0.8999166666666667
546,0.5591574407107485,0.8979333333333334
547,0.5590350723659132,0.8986333333333333
548,0.5587378611142515,0.8988666666666667
549,0.5586045188623983,0.8993833333333333
550,0.5587721696387109,0.8996
551,0.5586826992200675,0.8990833333333333
552,0.5586423690177298,0.8997
553,0.5586342533023523,0.8996833333333333
554,0.5587425652197532,0.8992833333333333
555,0.5587659756139046,0.8987166666666667
556,0.558765244459533,0.89915
557,0.5586475699069723,0.8994166666666666
558,0.5587005179902503,0.8994333333333333
559,0.5587426864299112,0.8993166666666667
560,0.5588987069491821,0.8988833333333334
561,0.5586125153149603,0.8991833333333333
562,0.5588371670470919,0.8986166666666666
563,0.5588846767380692,0.8991
564,0.5588254430570896,0.8994666666666666
565,0.5585754691325174,0.8995166666666666
566,0.5586694103790664,0.89915
567,0.558733494065897,0.8994166666666666
568,0.558856618139844,0.8992333333333333
569,0.5589380960149841,0.8995666666666666
570,0.5587041078793326,0.8991166666666667
571,0.5586065218100652,0.89945
572,0.5586511902961531,0.8992333333333333
573,0.5586777514585952,0.8996666666666666
574,0.5587245218554587,0.8994833333333333
575,0.5586495352339513,0.8995666666666666
576,0.5586414545024733,0.8989166666666667
577,0.558762669105298,0.8995
578,0.558657416754999,0.8998833333333334
579,0.5586026172491197,0.8990333333333334
580,0.558579457004079,0.8992
581,0.5586353739058595,0.8991
582,0.5586394154427166,0.8993333333333333
583,0.5585804142321792,0.89935
584,0.5587977934119741,0.8996833333333333
585,0.558632165561749,0.8995
586,0.5588458578324393,0.8999333333333334
587,0.5588410021023978,0.8984
588,0.5586527655203606,0.89955
589,0.5586797821270144,0.8991166666666667
590,0.5587024045134453,0.8994
591,0.5586938804757204,0.89935
592,0.5586141229865239,0.8994333333333333
593,0.5586603452020731,0.89915
594,0.5587832303269212,0.8993833333333333
595,0.5587372060487955,0.9000166666666667
596,0.558763949343432,0.8993333333333333
597,0.5587980268769858,0.8994
598,0.5586072329050851,0.89925
599,0.5586381329011628,0.89955
600,0.5587306079659972,0.8988166666666667
601,0.5586201201984308,0.89965
602,0.558790826727044,0.899
603,0.5587291655556077,0.8985
604,0.558603228256631,0.89915
605,0.5586600825590075,0.8988833333333334
606,0.5586973863332879,0.8997833333333334
607,0.5585640848999065,0.8996166666666666
608,0.5586339201049443,0.8995166666666666
609,0.5586557688346483,0.8995666666666666
610,0.558631803845565,0.8991333333333333
611,0.5588069682918136,0.8991333333333333
612,0.5588450368828097,0.89935
613,0.5586158851527905,0.8996666666666666
614,0.5587522559461516,0.9003333333333333
615,0.5586643925973072,0.89985
616,0.5587189270640746,0.8992666666666667
617,0.5586439622171537,0.8994
618,0.558871381324769,0.8994333333333333
619,0.5585768598163493,0.8993
620,0.5586839662677195,0.8993666666666666
621,0.5585303863993784,0.8997166666666667
622,0.5586175329175527,0.8988166666666667
623,0.5589706458399295,0.9001833333333333
624,0.5586328470531744,0.89995
625,0.5586876786789371,0.8991833333333333
626,0.5585791146754971,0.8991333333333333
627,0.559067727032315,0.8989666666666667
628,0.558776159896436,0.89975
629,0.5586856548789801,0.89935
630,0.5587461931380676,0.8995333333333333
631,0.5586686037799267,0.8994166666666666
632,0.558795585541795,0.8986333333333333
633,0.5586415881464041,0.8991833333333333
634,0.5585866169285876,0.8992
635,0.5586045932304721,0.8996666666666666
636,0.5588883080779117,0.8993333333333333
637,0.5586300880331377,0.8996833333333333
638,0.5586660372321697,0.8993
639,0.558669026664792,0.89955
640,0.5585504867795534,0.8998833333333334
641,0.5585552826060178,0.89925
642,0.5585753162505591,0.89985
643,0.5587966701788191,0.8991333333333333
644,0.558609628387459,0.89945
645,0.5585661267171379,0.89915
646,0.558640367293609,0.8996
647,0.5586273193231555,0.8996333333333333
648,0.5585999722067543,0.8995666666666666
649,0.5586066270595116,0.8993833333333333
650,0.5585953405875719,0.89965
651,0.5587116485002119,0.89955
652,0.5586597427926919,0.89955
653,0.55860835347891,0.8991666666666667
654,0.5588877138961149,0.8993333333333333
655,0.5586122935635641,0.8989
656,0.5585632507996444,0.8987666666666667
657,0.5585760912814585,0.8997166666666667
658,0.5585404735969337,0.8992666666666667
659,0.5586470238823772,0.8989
660,0.5589349748453651,0.8996666666666666
661,0.5585854808281876,0.89885
662,0.5586684129965674,0.8999833333333334
663,0.5585796556796755,0.8994333333333333
664,0.5586531646812954,0.8999666666666667
665,0.5585791654495105,0.8998
666,0.5588605889598836,0.8982
667,0.558658691970609,0.8996166666666666
668,0.558637043445322,0.89955
669,0.5585510225895329,0.8996666666666666
670,0.5586065855279546,0.8990333333333334
671,0.5586350120189277,0.8996166666666666
672,0.5585956865001224,0.89905
673,0.5586249509164878,0.8993833333333333
674,0.5586222881466899,0.8994833333333333
675,0.5586794149394204,0.8990666666666667
676,0.5587817302321376,0.8999
677,0.5585639044200096,0.8989833333333334
678,0.5585910469327758,0.8994833333333333
679,0.5587420814176467,0.8994833333333333
680,0.5588127812337609,0.89975
681,0.5585906379422031,0.8991
682,0.5586836107197047,0.8990166666666667
683,0.5586894427886101,0.8995
684,0.558629279480409,0.8989166666666667
685,0.5587853245194729,0.8986
686,0.5585818851604559,0.8998
687,0.5586384216057223,0.8998166666666667
688,0.5585750574747477,0.8992166666666667
689,0.5586218210716158,0.89905
690,0.5586317213633921,0.8986166666666666
691,0.5588270535158198,0.8997333333333334
692,0.558549249991924,0.89935
693,0.5585883528006846,0.89985
694,0.5585363996494437,0.89925
695,0.5585588381020462,0.89895
696,0.5585381769722979,0.89965
697,0.5586905274293577,0.8997
698,0.5585603549548439,0.8993833333333333
699,0.5586060283117326,0.8991333333333333
700,0.5586506189706567,0.8997333333333334
701,0.5587690732503066,0.8995333333333333
702,0.5586595643182845,0.8990333333333334
703,0.5586580439431887,0.9
704,0.5586191752396684,0.89945
705,0.5585474893484247,0.8989333333333334
706,0.5585836414031733,0.8996333333333333
707,0.5586876668384871,0.8995333333333333
708,0.5588851210680783,0.8985833333333333
709,0.5585912296412275,0.8997333333333334
710,0.5586668695254268,0.8999333333333334
711,0.558507936076739,0.89955
712,0.5585487544267601,0.8998833333333334
713,0.5586056571011667,0.8995
714,0.5586694490079901,0.89935
715,0.5587406942610169,0.8988166666666667
716,0.5586826813786022,0.89935
717,0.5586046519486993,0.8997666666666667
718,0.5587470593575105,0.8986166666666666
719,0.5586744813568809,0.8997166666666667
720,0.5587578578238014,0.8986666666666666
721,0.558737212045814,0.8996666666666666
722,0.5585293278374927,0.89945
723,0.5586780295545495,0.9000833333333333
724,0.5585458726598315,0.8992666666666667
725,0.5585708201029616,0.8996833333333333
726,0.5585719247528843,0.89945
727,0.5586206556157199,0.8987166666666667
728,0.55868771944288,0.89935
729,0.5585970739717201,0.89975
730,0.5585276322289546,0.8992333333333333
731,0.5586463157825236,0.8997166666666667
732,0.5586492967531536,0.8994166666666666
733,0.5587714852671086,0.8992
734,0.5586156998909217,0.8995166666666666
735,0.5585387083962589,0.89975
736,0.5586145882300267,0.8994833333333333
737,0.5587139015415524,0.8999166666666667
738,0.558644467220228,0.89925
739,0.5585756606499058,0.8994833333333333
740,0.5585859004317357,0.8997166666666667
741,0.5588445056079171,0.8995
742,0.5585589324101918,0.8992666666666667
743,0.5586360035176225,0.8993333333333333
744,0.5585672207220646,0.8994833333333333
745,0.5586143101362662,0.8994666666666666
746,0.5585724094084881,0.8994166666666666
747,0.5585957737043236,0.8994166666666666
748,0.5586478851306645,0.8994166666666666
749,0.5586130743067469,0.89945
750,0.5586287195361361,0.89895
751,0.5586141806305497,0.8998
752,0.5586648641958485,0.8992666666666667
753,0.5586647559587903,0.8994166666666666
754,0.5585788219686932,0.89985
755,0.5585715744424009,0.8992
756,0.5586284609061986,0.8995333333333333
757,0.5586226547543397,0.8997833333333334
758,0.5587302803566689,0.8992166666666667
759,0.5585886415914894,0.8996666666666666
760,0.5586034530846936,0.8991333333333333
761,0.5586034222415026,0.9000833333333333
762,0.5586418148820528,0.8998833333333334
763,0.5585558615307551,0.89975
764,0.55851471744905,0.89925
765,0.5585838930748921,0.8990166666666667
766,0.558698461124496,0.8988333333333334
767,0.5585564545346204,0.8994166666666666
768,0.5586697192330832,0.89975
769,0.5586726403608843,0.8991333333333333
770,0.5586019110894237,0.9001
771,0.558680431040732,0.8996166666666666
772,0.5586432152957738,0.8996333333333333
773,0.5585269844826585,0.8992
774,0.5586389021549686,0.8999666666666667
775,0.5585914823718529,0.8995833333333333
776,0.5585821084604556,0.89995
777,0.5586003545294229,0.8992166666666667
778,0.5586255480274478,0.8986
779,0.5585326869160269,0.8995833333333333
780,0.5586496610544587,0.8992
781,0.5586833900997092,0.8999833333333334
782,0.5585825081629006,0.8994
783,0.558644914318087,0.89945
784,0.5587093463448968,0.8990166666666667
785,0.5586080025896659,0.8994666666666666
786,0.5585630915415175,0.8991
787,0.5585696649718103,0.8994166666666666
788,0.5586339417749971,0.8998666666666667
789,0.5585624533374223,0.8997166666666667
790,0.5585392381060109,0.8993833333333333
791,0.5586406226614553,0.9
792,0.5585547380045943,0.8997
793,0.5585693018407487,0.8996666666666666
794,0.5586824362405838,0.8994833333333333
795,0.558645810070058,0.8990666666666667
796,0.5586411612403139,0.8992166666666667
797,0.558634637443744,0.8986
798,0.5586453599690411,0.8995166666666666
799,0.5585617988027556,0.8993
800,0.5586244134192988,0.8989
801,0.5585641995102529,0.89965
802,0.5585070108552607,0.8995666666666666
803,0.5586132350728935,0.8994666666666666
804,0.5585653166718404,0.8991666666666667
805,0.5585288980971548,0.8994333333333333
806,0.5585292710134522,0.8994833333333333
807,0.5586790732601092,0.8997833333333334
808,0.5585827304848558,0.8998333333333334
809,0.5586768689734672,0.89875
810,0.5585687782190375,0.8996833333333333
811,0.5586049233528243,0.8995333333333333
812,0.5586621900591288,0.8990666666666667
813,0.5585991819690203,0.89975
814,0.5585721396413105,0.8997
815,0.5587345923369121,0.8991833333333333
816,0.558686161690616,0.8993666666666666
817,0.5585405825624369,0.8997333333333334
818,0.5585632844395332,0.8994166666666666
819,0.5585519129407261,0.89995
820,0.5585345555346256,0.8994833333333333
821,0.5588251604412056,0.8998166666666667
822,0.5585492942110497,0.8993166666666667
823,0.5585972766397249,0.8992
824,0.5585874790892926,0.8990333333333334
825,0.5587675316686914,0.89885
826,0.5586296874073409,0.8991166666666667
827,0.5585455175886722,0.8994833333333333
828,0.5585388381456363,0.8991666666666667
829,0.5585478185703592,0.8998833333333334
830,0.5585024437447087,0.8994666666666666
831,0.558514693882846,0.8993833333333333
832,0.5585445065806806,0.89915
833,0.558537486099149,0.89945
834,0.5586379153157945,0.8999
835,0.5586416293615899,0.90005
836,0.55855009604053,0.8991
837,0.558630257981378,0.8988833333333334
838,0.558596474148666,0.8995166666666666
839,0.5585417266219918,0.8998
840,0.5586402900748493,0.8991166666666667
841,0.558543919253157,0.89995
842,0.5585222006639471,0.8991666666666667
843,0.5585132735448906,0.8995833333333333
844,0.5585574232176418,0.8991166666666667
845,0.5586203148953277,0.8987333333333334
846,0.5585632174198918,0.8994833333333333
847,0.5586768900400672,0.9001833333333333
848,0.5585554481327243,0.8989666666666667
849,0.5585312720267435,0.8995
850,0.5586043770073775,0.8994666666666666
851,0.5587186078336192,0.8991333333333333
852,0.5585231362878127,0.8995833333333333
853,0.5586047751339643,0.8992166666666667
854,0.5585322790315727,0.8994333333333333
855,0.5587186635537984,0.89955
856,0.5585775993845016,0.8993333333333333
857,0.5585456596011044,0.89955
858,0.5586307474860324,0.8992666666666667
859,0.5586756096837932,0.8998833333333334
860,0.5585305430110377,0.89975
861,0.5585576044482601,0.8993333333333333
862,0.5585815377938453,0.8995666666666666
863,0.558513727502295,0.8994333333333333
864,0.5585981665568996,0.8995333333333333
865,0.5585482693806265,0.8995
866,0.5585112709329988,0.8994333333333333
867,0.5585041304743394,0.8997666666666667
868,0.5585295215712506,0.8990666666666667
869,0.5585416055671951,0.89905
870,0.5585552068866797,0.8998
871,0.5585295675797766,0.8996333333333333
872,0.5585136392659512,0.8996166666666666
873,0.5585539461861462,0.8993666666666666
874,0.5585440416658756,0.8995166666666666
875,0.5585576118392441,0.8998666666666667
876,0.5586077838193364,0.8990166666666667
877,0.5585611890247755,0.8993
878,0.55851532814429,0.8995166666666666
879,0.5585976187431884,0.8992
880,0.5585799970829041,0.8989833333333334
881,0.558629878325398,0.8991166666666667
882,0.5585574195350558,0.8992666666666667
883,0.5585409214117937,0.8997666666666667
884,0.5585476112706488,0.8997333333333334
885,0.5586554212425288,0.8995666666666666
886,0.558597840891359,0.8988333333333334
887,0.5585954885078314,0.89895
888,0.5585050126929509,0.8997
889,0.5585770577469982,0.8999166666666667
890,0.5585589398674996,0.8995333333333333
891,0.5585626134435672,0.8994
892,0.5585565464322357,0.8999333333333334
893,0.5585594638128489,0.8997
894,0.5585446836506154,0.8997
895,0.5585595513746433,0.8991333333333333
896,0.5585387692868418,0.8993166666666667
897,0.5585430246025404,0.8996166666666666
898,0.558499253916739,0.8994333333333333
899,0.5585675001617554,0.8999166666666667
900,0.5585431896466941,0.8995333333333333
901,0.5585455018968872,0.8989666666666667
902,0.5585304902658704,0.8995333333333333
903,0.5585306167759029,0.8998166666666667
904,0.558570302530382,0.90005
905,0.5585685219127401,0.8993833333333333
906,0.5585179972538311,0.8992333333333333
907,0.5585331746649909,0.8996666666666666
908,0.5585813414077669,0.8994833333333333
909,0.5585872213579363,0.8997666666666667
910,0.5585649098334721,0.899
911,0.5585684920048422,0.8997333333333334
912,0.5585148793892927,0.8998166666666667
913,0.5585112397444442,0.89935
914,0.5585085894527344,0.8994333333333333
915,0.5585263911078208,0.8998833333333334
916,0.5585536226232619,0.89935
917,0.5585775901397853,0.8994666666666666
918,0.5585593863123368,0.899
919,0.5585690161339406,0.8991166666666667
920,0.558598138545304,0.8991666666666667
921,0.5585630969927265,0.8996833333333333
922,0.5585263157240303,0.8992166666666667
923,0.5585860072076846,0.8998833333333334
924,0.5585526842651695,0.8997333333333334
925,0.5585189063048049,0.8994
926,0.5585621368099211,0.8988166666666667
927,0.558513902703664,0.89955
928,0.5586073353759899,0.8988333333333334
929,0.5585509885706559,0.899
930,0.5585623919802946,0.89905
931,0.5585497864510579,0.8988333333333334
932,0.5585124335315538,0.89935
933,0.5585755688922625,0.8995166666666666
934,0.5585651561079598,0.8994166666666666
935,0.5585537790022008,0.9000166666666667
936,0.5585168746094272,0.8995666666666666
937,0.5585198395940064,0.8999166666666667
938,0.5585964168252329,0.8993666666666666
939,0.5585151342949435,0.8992
940,0.5585134854933388,0.8997333333333334
941,0.5586287990606917,0.8991833333333333
942,0.5585802295986491,0.8996833333333333
943,0.5585255668731617,0.8994166666666666
944,0.5585879599846768,0.89905
945,0.5585519908690473,0.8998166666666667
946,0.5586143790905308,0.8997166666666667
947,0.5585297120750994,0.89915
948,0.5585359332791521,0.8997333333333334
949,0.5585226753696504,0.8996333333333333
950,0.5585478570404959,0.8992166666666667
951,0.5585053336297712,0.8997
952,0.5585030783048496,0.8993833333333333
953,0.558509050468286,0.8992833333333333
954,0.5585083006570044,0.8998
955,0.5585713634821511,0.89905
956,0.5585296060059555,0.8992666666666667
957,0.5585504235386731,0.8993166666666667
958,0.5585631452552557,0.8993666666666666
959,0.5585392506745653,0.8998666666666667
960,0.5585370608929937,0.8998
961,0.558496086179598,0.8996333333333333
962,0.5585087442939567,0.8995
963,0.558517500373702,0.9001
964,0.5585125254599866,0.8999666666666667
965,0.5585522422751922,0.8990166666666667
966,0.5585154977779452,0.8996833333333333
967,0.5585670157138137,0.8991833333333333
968,0.5585171989394419,0.8997333333333334
969,0.5586158305742981,0.8996166666666666
970,0.5585477320725215,0.8996333333333333
971,0.5585569245520741,0.8996333333333333
972,0.5585527721141799,0.8994833333333333
973,0.5585621557563707,0.89975
974,0.5585312910334342,0.8997
975,0.5585269523969157,0.8996666666666666
976,0.5585083336365885,0.8994333333333333
977,0.5586098413201291,0.8989333333333334
978,0.5585333203515734,0.8994166666666666
979,0.5586415680742454,0.89925
980,0.5585032728334827,0.8995666666666666
981,0.5587504566620292,0.89925
982,0.5585121520301335,0.8996666666666666
983,0.5585175837395763,0.8995166666666666
984,0.5585191494785362,0.8992666666666667
985,0.5585401495130241,0.8996833333333333
986,0.5585745186835677,0.8994833333333333
987,0.5585994256280623,0.89975
988,0.5586041520126822,0.89885
989,0.5585036198603359,0.8994333333333333
990,0.5585392233535171,0.8999
991,0.558556513404085,0.8999666666666667
992,0.5585896874530535,0.8990666666666667
993,0.5585163236478811,0.8994666666666666
994,0.5585214418640171,0.89975
995,0.5585449558701489,0.8994
996,0.5585216383946113,0.89995
997,0.5585429715146949,0.8993333333333333
998,0.558549144719416,0.89985
999,0.5585370206466334,0.8991166666666667
1000,0.5585264207964785,0.8996333333333333
