# Configuration:

dataset name: mnist
model name: softmax classification with MLP
num_clients: 100
learning_rate: 0.01
participation_rate: 0.1
num_classes: 10
lambda: 0.01
participation_rate: 0.1
num_classes: 10
# Results:

round,obj,test
1,0.6716925159187926,0.8889
2,0.6044033177993994,0.9018
3,0.5852924841598877,0.9018
4,0.5775259666194705,0.9041
5,0.5684012157918006,0.9064
6,0.5682548100282869,0.9082
7,0.56203009291362,0.9092
8,0.5589947258605998,0.9126
9,0.5595026330426505,0.9128
10,0.5563401820984396,0.9137
11,0.5527324608298078,0.9137
12,0.5524985014033388,0.9123
13,0.5486646527640704,0.917
14,0.5468833903960612,0.9164
15,0.5445551745029202,0.9169
16,0.5449026388962028,0.9148
17,0.5431206201443923,0.9162
18,0.5410841317217702,0.9214
19,0.5385769873946903,0.9212
20,0.5375408200279539,0.9201
21,0.5363001027435506,0.9204
22,0.5340302230827043,0.921
23,0.533994353477642,0.9205
24,0.5320859196494537,0.9223
25,0.5350969843031651,0.921
26,0.5297882276129473,0.9212
27,0.5298182488255854,0.9217
28,0.5298478023138519,0.9226
29,0.5263508095187737,0.9252
30,0.5265297662431047,0.9241
31,0.5266347034960348,0.9236
32,0.527111770183457,0.921
33,0.5244411523954815,0.9258
34,0.5258284055519943,0.9254
35,0.523189457784159,0.9264
36,0.5249541667027346,0.9249
37,0.5208736440043118,0.9277
38,0.5212412894926903,0.9264
39,0.52032676759411,0.9276
40,0.519550350139516,0.9291
41,0.5190261392591683,0.9298
42,0.5195315779994607,0.9305
43,0.5185690459730505,0.9289
44,0.5197543560822262,0.9277
45,0.5191550306854472,0.9293
46,0.5164168001547319,0.9313
47,0.5182623646837444,0.9296
48,0.516661457242839,0.9303
49,0.5167376382356432,0.9298
50,0.5176274789616742,0.9305
51,0.5168435958568944,0.9287
52,0.5164263001026708,0.9303
53,0.5176951949913796,0.9313
54,0.516349525452429,0.9316
55,0.5182637889419953,0.9282
56,0.5170178369497815,0.9291
57,0.5166561340297129,0.9321
58,0.5175530611484509,0.9296
59,0.5158863730625544,0.9308
60,0.5170424629842306,0.9293
61,0.5153826837775038,0.9321
62,0.5158699190260961,0.9305
63,0.5165337616893277,0.9312
64,0.5178330006223081,0.9287
65,0.517533480371125,0.9275
66,0.5171560652844392,0.9329
67,0.5159770697529308,0.9315
68,0.5167341893643999,0.9303
69,0.5177800173436177,0.9276
70,0.5171791356348103,0.9288
71,0.517744108044904,0.9308
72,0.5173385113973309,0.9305
73,0.5178506703994229,0.9293
74,0.5175833635315922,0.93
75,0.5184963027893856,0.9298
76,0.5189300778028642,0.9298
77,0.5192356685118182,0.9289
78,0.5198984884404846,0.9289
79,0.5184844231198192,0.93
80,0.5195166757755322,0.929
81,0.521101460925169,0.9286
82,0.5190537879770803,0.9299
83,0.5213295804823952,0.9298
84,0.5189742027141604,0.9303
85,0.5207352020739426,0.93
86,0.5198270289677037,0.928
87,0.5196446689666063,0.9293
88,0.5201987016861429,0.9288
89,0.5186635355927053,0.9303
90,0.5211869720688279,0.9289
91,0.5210969592860956,0.9292
92,0.5205120686788247,0.9298
93,0.520037042598356,0.9291
94,0.5208901490338911,0.9286
95,0.5224840352213734,0.9281
96,0.5195455834549931,0.9291
97,0.5194381275301,0.9308
98,0.5198111539203359,0.9271
99,0.5193860647354059,0.9306
100,0.5212509956650122,0.9279
101,0.5193085401735292,0.9278
102,0.5215477388411265,0.928
103,0.5223923603453304,0.928
104,0.5200236833217586,0.9283
105,0.5203578852240014,0.9302
106,0.5206375605688017,0.9279
107,0.5205398608107266,0.9293
108,0.5214354877828145,0.9302
109,0.5204672256906953,0.9307
110,0.5224254126584974,0.9278
111,0.522536191751117,0.928
112,0.51980618474531,0.9283
113,0.5222037497538683,0.9291
114,0.523142741191947,0.9284
115,0.5223526857822384,0.929
116,0.521299599959224,0.9301
117,0.5205833666426202,0.9288
118,0.5216681914930262,0.9287
119,0.5215678640127818,0.9296
120,0.5210701863197719,0.931
121,0.5227852219564277,0.9284
122,0.5199825077541659,0.9292
123,0.5241756743983078,0.9271
124,0.5234426371106671,0.9277
125,0.5205316669403935,0.9316
126,0.5207142224897329,0.9296
127,0.5212622524127462,0.9278
128,0.5200304677188303,0.9313
129,0.5231223456278027,0.9274
130,0.5201915306647391,0.9292
131,0.5201416972642589,0.9305
132,0.5214143863990744,0.9284
133,0.5209491128701174,0.9275
134,0.5203076315871777,0.9293
135,0.5197814416433106,0.9287
136,0.5198490839729215,0.9291
137,0.52214570248717,0.9291
138,0.5203722336570935,0.9303
139,0.5189599595529699,0.9314
140,0.5203562713119041,0.9279
141,0.5190663513929027,0.9309
142,0.520252582231256,0.932
143,0.5189855744678061,0.9331
144,0.5180948411981616,0.9295
145,0.5198789040617329,0.9303
146,0.5183226095612927,0.9327
147,0.5169572182128025,0.932
148,0.5193530111152128,0.932
149,0.5188776447738535,0.9308
150,0.5181137731650687,0.9338
151,0.5190215574082061,0.9331
152,0.5198892455181733,0.9307
153,0.5189252014262764,0.9314
154,0.5214111950721714,0.9295
155,0.5206488688115741,0.9322
156,0.518494485707914,0.9335
157,0.5191072520365425,0.9317
158,0.5192976253559217,0.9356
159,0.5182181501736021,0.9342
160,0.5190613138909534,0.9325
161,0.519301365457491,0.9341
162,0.5198136800186787,0.9313
163,0.520200379602246,0.9323
164,0.5201029580178553,0.9316
165,0.5208652805888172,0.9317
166,0.5191382186175464,0.9327
167,0.5209435289587366,0.9314
168,0.519801591853638,0.9315
169,0.5203890670985658,0.931
170,0.520125376982924,0.9314
171,0.5209337608464742,0.9317
172,0.5203665969718203,0.9308
173,0.5202183854010977,0.9309
174,0.5209859156691489,0.9305
175,0.5209801094657253,0.9334
176,0.5186610021852603,0.9332
177,0.5208280822253284,0.9301
178,0.519430660613714,0.9309
179,0.5204557155860151,0.9287
180,0.5194697136311226,0.9309
181,0.5189942159345228,0.9303
182,0.5183390279400303,0.9306
183,0.5181538229560856,0.9313
184,0.5183853552685552,0.931
185,0.5203276535231072,0.93
186,0.5199162402223878,0.931
187,0.5195317500791147,0.9305
188,0.521292770318014,0.9304
189,0.5197619568003021,0.9303
190,0.5195125763184704,0.9297
191,0.5189305441343925,0.9308
192,0.5197024023594604,0.9293
193,0.5193522009356735,0.9304
194,0.5199203732896689,0.929
195,0.5198729511380918,0.9293
196,0.5189043010012643,0.9298
197,0.5178157626915286,0.932
198,0.5209371619888192,0.9279
199,0.5182369371066661,0.9287
200,0.5193765049785393,0.9293
201,0.5206734711679413,0.929
202,0.5201447255016104,0.9286
203,0.5179644939981508,0.9301
204,0.5186711132237253,0.9305
205,0.5193066435229067,0.9301
206,0.5185821074533744,0.9307
207,0.5187067003182878,0.9295
208,0.5192522156575631,0.9281
209,0.5220296477892634,0.9284
210,0.5188763491574757,0.9299
211,0.5187376618418613,0.9284
212,0.5188563961018982,0.9288
213,0.5176167444692913,0.9272
214,0.5195161954048898,0.9289
215,0.5180997774287323,0.9286
216,0.5190240035777501,0.9283
217,0.5184385883038073,0.9292
218,0.5173777785550203,0.9297
219,0.517787587673884,0.9303
220,0.5199669182247585,0.9282
221,0.5180906648459501,0.9283
222,0.5182618087774248,0.9278
223,0.5173526677672091,0.9292
224,0.5188972625934284,0.9305
225,0.5187519959458384,0.9304
226,0.5176556469436403,0.9299
227,0.51739696799315,0.9317
228,0.5188921277670682,0.929
229,0.5200575363723166,0.9282
230,0.519296975427545,0.9304
231,0.5221807348359065,0.9284
232,0.5195803324534254,0.9303
233,0.5199482544018115,0.9292
234,0.5225656430081977,0.9261
235,0.5207920953554643,0.9286
236,0.5204248302318358,0.9289
237,0.5212119723520741,0.9278
238,0.5221304547014867,0.927
239,0.5203961109466466,0.9292
240,0.5213457475638607,0.9257
241,0.5213623255871862,0.9276
242,0.5201784134493176,0.9304
243,0.5198800665196676,0.9302
244,0.5189429268435098,0.9307
245,0.5209208961817877,0.9292
246,0.5189442053494425,0.9316
247,0.5182143438752228,0.9298
248,0.5176238379884235,0.93
249,0.5178604569871603,0.9316
250,0.5177884722973322,0.9318
251,0.517729818677562,0.9321
252,0.5169726731519539,0.9327
253,0.5168596054214649,0.9317
254,0.5163360756772548,0.9324
255,0.5169370974244152,0.9322
256,0.5168200640777434,0.9317
257,0.5166744779566171,0.9328
258,0.5171570277740287,0.933
259,0.5158492048669674,0.9317
260,0.5182912786901992,0.9317
261,0.5178227437891569,0.9324
262,0.5167806852461193,0.9332
263,0.5187252077044432,0.9311
264,0.5175157250994857,0.931
265,0.5163912698705789,0.9331
266,0.5171218969943443,0.9326
267,0.516019003147975,0.9327
268,0.5160325407926275,0.9321
269,0.5152857163614337,0.9329
270,0.51604218730321,0.9334
271,0.515526636279096,0.9331
272,0.5165543234187329,0.9325
273,0.5159217899004446,0.9333
274,0.5177711028064765,0.9326
275,0.5186028430477396,0.9308
276,0.5160858917151837,0.9313
277,0.51720678106502,0.9325
278,0.518383377949686,0.9305
279,0.5172294002935637,0.933
280,0.5170368252344305,0.9326
281,0.5179982753188553,0.9318
282,0.5164925830608165,0.932
283,0.5174376852054311,0.9324
284,0.518318256758833,0.9324
285,0.517416614261334,0.9313
286,0.5175227100026543,0.9321
287,0.5191586797967754,0.9312
288,0.5189303949500107,0.9303
289,0.5178881168315945,0.9316
290,0.5166054729612786,0.9327
291,0.5152289738243021,0.9338
292,0.5193306764541489,0.9309
293,0.5167895130109514,0.9324
294,0.5175396209298562,0.9312
295,0.5175877780212474,0.9311
296,0.5183226115364377,0.9304
297,0.5183961995839974,0.9299
298,0.5184327634273778,0.9309
299,0.5180830639240457,0.9294
300,0.5172352017881583,0.9312
301,0.5176960013656993,0.931
302,0.5168105717953991,0.9304
303,0.5188912486137981,0.9329
304,0.5183903474653373,0.9304
305,0.5194684255365236,0.9295
306,0.5179844979384843,0.9298
307,0.5166424285536998,0.9316
308,0.5186838050109711,0.9302
309,0.5198233291270631,0.9316
310,0.5181964798216743,0.9313
311,0.5188341323092646,0.9315
312,0.5194246358735786,0.9312
313,0.5203405721966088,0.9287
314,0.5178544570440817,0.9307
315,0.5194280817114953,0.9309
316,0.5193434002302485,0.9297
317,0.5186631819327537,0.931
318,0.5199569895527949,0.9298
319,0.5200393089762286,0.9305
320,0.5181382040227688,0.9312
321,0.5189694912460991,0.9299
322,0.5183912003240664,0.9311
323,0.5185387385184744,0.9307
324,0.5170737701148661,0.9333
325,0.5187182306474136,0.9306
326,0.5208262680988686,0.9317
327,0.5180040789278834,0.9319
328,0.5203081552294384,0.932
329,0.51825175446662,0.9312
330,0.5196044111399091,0.9322
331,0.5190720389332238,0.933
332,0.5194951566915589,0.9314
333,0.5181450750773975,0.9326
334,0.5188280994264948,0.932
335,0.5170466309344246,0.9332
336,0.5194119128954477,0.9317
337,0.5196643107928954,0.9305
338,0.5198594388805189,0.9308
339,0.5188358685672515,0.9322
340,0.5188946691963485,0.9325
341,0.5207941655155777,0.9303
342,0.5198686879028276,0.9315
343,0.5221131777319599,0.9319
344,0.5220045201957818,0.9288
345,0.5215821752661021,0.9292
346,0.5198627320689988,0.9298
347,0.5212313946968195,0.9315
348,0.5196863232257021,0.932
349,0.5196506731837155,0.9322
350,0.5217935760768826,0.9295
351,0.5200408942994696,0.9304
352,0.5202297338330141,0.929
353,0.5207094973823009,0.9301
354,0.5200651980855727,0.9315
355,0.5199139697297289,0.9316
356,0.5205095975131137,0.9324
357,0.5207342835828708,0.9322
358,0.5208414636305707,0.9298
359,0.5189151444175021,0.9325
360,0.5212456922242543,0.9314
361,0.5204604835886106,0.9294
362,0.5185225484969667,0.9324
363,0.5202958279845764,0.9321
364,0.5202586164058343,0.9316
365,0.5184233407619968,0.9339
366,0.5186449224253562,0.9325
367,0.5205951977042322,0.9309
368,0.5190343151764277,0.9317
369,0.5195651329621144,0.9316
370,0.5190018109948196,0.9309
371,0.5203777836364142,0.9315
372,0.5204812459552874,0.9293
373,0.5189744108782345,0.9339
374,0.5187059400183247,0.9311
375,0.5188012706103868,0.9328
376,0.5192751355684943,0.9306
377,0.5185087421741146,0.9311
378,0.5200129061758207,0.9307
379,0.5195575506042706,0.9312
380,0.519809756710802,0.9301
381,0.5215214603867183,0.9277
382,0.5212772588552039,0.9277
383,0.5214208800333893,0.9283
384,0.5221217763529249,0.9269
385,0.5213501307296572,0.9275
386,0.5202315098678839,0.9298
387,0.5213667851007331,0.9295
388,0.5217219174831359,0.9309
389,0.5224837615928579,0.9289
390,0.5213231260137383,0.9264
391,0.5195516729816348,0.9284
392,0.5222958529047227,0.928
393,0.5225208030364603,0.928
394,0.5216051789378952,0.9289
395,0.5218207099107636,0.9281
396,0.5209069768177513,0.9292
397,0.5210693872407037,0.9284
398,0.5209950341284477,0.9285
399,0.5216410918887794,0.9277
400,0.5202106093002394,0.9288
401,0.5192385008947149,0.9307
402,0.5202596517082659,0.9297
403,0.5216669129620399,0.9277
404,0.5194548742787694,0.9284
405,0.520528021015701,0.9323
406,0.5190892608611509,0.9292
407,0.5194143854460754,0.9298
408,0.5201428343037267,0.9282
409,0.5171207158867372,0.9318
410,0.5183205913818331,0.9294
411,0.5179084557898904,0.9303
412,0.5163418705738305,0.932
413,0.5176780206437623,0.932
414,0.5171269310617583,0.9309
415,0.5163685671734244,0.9333
416,0.517347822660176,0.9312
417,0.5176784370008352,0.9325
418,0.5176652112681729,0.9318
419,0.5174251701232581,0.9298
420,0.5178724529265283,0.931
421,0.5172316006560354,0.9317
422,0.5178892015693131,0.9319
423,0.5164904703797721,0.9333
424,0.5173702415008617,0.9304
425,0.5177993204107149,0.9296
426,0.5169402171807462,0.9323
427,0.5200217250038158,0.9306
428,0.5193025450725024,0.9309
429,0.5190266820611118,0.9307
430,0.5205555740280002,0.9292
431,0.5178707845113641,0.9305
432,0.5187492835523599,0.9297
433,0.5190164937474548,0.9305
434,0.5187375722655869,0.9301
435,0.519603952028031,0.9321
436,0.519289429043459,0.9306
437,0.5194211991298249,0.9303
438,0.5204606127808998,0.9287
439,0.5212859719530845,0.9286
440,0.5202392898931677,0.929
441,0.5204658473899415,0.93
442,0.5213390388823512,0.9286
443,0.5208804189585032,0.9295
444,0.5199804621941531,0.929
445,0.5205272907426229,0.9291
446,0.5188798893261479,0.9299
447,0.5211207782110114,0.9288
448,0.5215472411402426,0.9274
449,0.5206918377678907,0.9272
450,0.5217650072462748,0.9288
451,0.5233942459435589,0.9265
452,0.5217868581083639,0.9281
453,0.519639813384487,0.9279
454,0.5217916638912411,0.9281
455,0.5232573320825937,0.9273
456,0.5212836595594649,0.9272
457,0.5232416708984217,0.9254
458,0.5225274172170453,0.9262
459,0.5242246152969898,0.9248
460,0.520954063736816,0.9282
461,0.5221718106647203,0.9274
462,0.5207187799035337,0.9276
463,0.5209556916743993,0.9282
464,0.5203713540278819,0.9289
465,0.5217477811801648,0.928
466,0.5255154798130915,0.9256
467,0.5222127178807225,0.929
468,0.5199478621961336,0.9279
469,0.5200467042563159,0.9287
470,0.5208907976206649,0.929
471,0.5190987696756111,0.9295
472,0.5205259280128668,0.9286
473,0.5229047768473851,0.9273
474,0.5212746989380521,0.9295
475,0.5205801903857472,0.9317
476,0.5204104340824941,0.9283
477,0.5192616599945034,0.9298
478,0.5192823422576041,0.9299
479,0.5201373147615949,0.9287
480,0.5176204436031445,0.93
481,0.5201633332732765,0.9295
482,0.5189793955220241,0.9315
483,0.5211589674328037,0.929
484,0.5197460966106145,0.9307
485,0.5205006387106197,0.9287
486,0.5214197946109952,0.9291
487,0.51999851551041,0.9286
488,0.5197503460277478,0.9277
489,0.5202776604665057,0.9287
490,0.5200454901066643,0.9293
491,0.5184081832387717,0.9288
492,0.5188323589550247,0.9297
493,0.519336760178788,0.9293
494,0.5185130566017244,0.9296
495,0.5190172915506148,0.9302
496,0.518673834682956,0.9292
497,0.5193238988730136,0.9289
498,0.5190283081569893,0.9299
499,0.5190065935077404,0.9304
500,0.5199037397733136,0.9289
