# Configuration:

dataset name: rcv1
model name: softmax classification
num_clients: 100
participation_rate: 0.05
num_classes: 10
numLocalEpochs: 5
learning_rate: 0.001
lambda: 0.01
mu: 0.0
num_classes: 10
# Results:

round,obj,test
1,1.0568064159302626,0.8352
2,0.8124965786796152,0.8459
3,0.7229446556238694,0.8558
4,0.672916102386576,0.8657
5,0.6427594679886596,0.8739
6,0.6243803314807734,0.8755
7,0.6124716991745384,0.8803
8,0.6022134684720345,0.8813
9,0.5943152463320244,0.8859
10,0.5888921435632691,0.886
11,0.5847504760960873,0.8898
12,0.5804966325398571,0.8887
13,0.5771682637768181,0.8918
14,0.5766468532884641,0.8922
15,0.5758109507682988,0.8922
16,0.5727882184981766,0.8931
17,0.571860510427482,0.8936
18,0.5703714491925473,0.8952
19,0.5696022730672208,0.896
20,0.5692079361849484,0.8952
21,0.5666315634055563,0.8972
22,0.567335699603212,0.8983
23,0.5675899978023314,0.8972
24,0.5664878186007561,0.8966
25,0.5659676560948687,0.8977
26,0.5669762374736199,0.8991
27,0.5643419463002085,0.8999
28,0.5645337981321671,0.9003
29,0.5643944893415442,0.9011
30,0.5632534449850454,0.9002
31,0.5643817489425539,0.8996
32,0.5635765005564859,0.901
33,0.564403370539338,0.9002
34,0.5630553228830406,0.9014
35,0.5633794598450003,0.9005
36,0.5632131103951574,0.9002
37,0.5630779643115268,0.9004
38,0.5623803504933873,0.9008
39,0.5634880637522951,0.8999
40,0.5641320602863612,0.8996
41,0.5645972575410422,0.8991
42,0.5629141047287591,0.901
43,0.5638235119048202,0.9016
44,0.5626346392284342,0.9007
45,0.5640763626672507,0.9015
46,0.5639230744780958,0.9006
47,0.5633629998959858,0.902
48,0.5636093424100618,0.9017
49,0.56278842286097,0.9024
50,0.562311465244745,0.8994
51,0.5629454913174665,0.9029
52,0.5629773852813206,0.9009
53,0.5629503230271796,0.9033
54,0.5618172897851231,0.9048
55,0.5618663796926754,0.9028
56,0.5614983140901195,0.9042
57,0.5611541270277086,0.9049
58,0.5618145458647312,0.9034
59,0.5620380943285546,0.9043
60,0.5616153296472154,0.9039
61,0.5631479999461982,0.9021
62,0.5619316325852413,0.9036
63,0.5624046074316467,0.9015
64,0.5620216671308205,0.9013
65,0.5638867372323543,0.9014
66,0.5622984506471489,0.9011
67,0.5634512206232201,0.901
68,0.5622564857144277,0.9031
69,0.5633501098764675,0.9001
70,0.5626589072742307,0.902
71,0.5623261619734493,0.9015
72,0.5627507200164128,0.9024
73,0.5637718671574181,0.9016
74,0.5617910028494753,0.9009
75,0.5629379552403599,0.9024
76,0.5623430745074296,0.902
77,0.5620114737041648,0.9023
78,0.5626255147732647,0.9033
79,0.5632619947685096,0.9013
80,0.5627080122619113,0.9032
81,0.5618723226023372,0.903
82,0.5625219401252785,0.9027
83,0.5628285626587372,0.9027
84,0.5629989106564645,0.9025
85,0.5621638770383556,0.9017
86,0.5613015003846492,0.9043
87,0.5613091053279088,0.9042
88,0.5617239833112116,0.9037
89,0.5637544278714127,0.9026
90,0.5629934032624977,0.9021
91,0.5613707942444797,0.9027
92,0.5611833633282086,0.9036
93,0.5619333387873346,0.9024
94,0.5613509306928722,0.9025
95,0.5625322146610785,0.902
96,0.5617741909075021,0.9031
97,0.5622712517405152,0.9022
98,0.5621414815916865,0.9022
99,0.5619498661845462,0.9038
100,0.5614500159703797,0.9049
101,0.5617122723955721,0.9053
102,0.5618947058903547,0.904
103,0.5609833837386611,0.9034
104,0.5616664408162209,0.9031
105,0.5614452224237402,0.903
106,0.5619469562628125,0.9028
107,0.5622370567549598,0.901
108,0.5618311389296248,0.9042
109,0.5618332800536142,0.9014
110,0.5624428221609884,0.9011
111,0.5629563371838843,0.9017
112,0.5616721908210522,0.9042
113,0.5639315895844835,0.9029
114,0.5623691025574246,0.9032
115,0.5628852883576088,0.9025
116,0.561970695061092,0.904
117,0.5616688622651663,0.9042
118,0.5628678079191254,0.9008
119,0.5620975980309032,0.9044
120,0.5608121661622015,0.9062
121,0.5619953319654754,0.905
122,0.5621983531116587,0.9025
123,0.5622873416880557,0.9047
124,0.5631132195369718,0.9051
125,0.5625938771138469,0.9056
126,0.5623048450149678,0.9052
127,0.5636218201529696,0.9036
128,0.5634013552303492,0.9043
129,0.5656809409263595,0.9033
130,0.563813088854848,0.9033
131,0.5627362761596434,0.9023
132,0.5623563218892197,0.9034
133,0.5629231394951008,0.9038
134,0.5613602917359477,0.9031
135,0.5619377929451157,0.9035
136,0.5635203667412306,0.9014
137,0.5621137871303157,0.9012
138,0.5614016598455108,0.9031
139,0.5634715747158069,0.902
140,0.5618619882123277,0.9028
141,0.5628540982047704,0.9025
142,0.5630293419306553,0.902
143,0.5632062802094682,0.9038
144,0.5622802724365401,0.9052
145,0.5620238930821281,0.903
146,0.5647512263123914,0.9037
147,0.5617318386865215,0.9038
148,0.5631387154748319,0.9034
149,0.5623159894307097,0.9044
150,0.5619722555025114,0.9064
151,0.562076520201266,0.9059
152,0.5621245768696999,0.9058
153,0.5617810506782486,0.9045
154,0.5627846386685573,0.9033
155,0.5614213260324382,0.9051
156,0.5618859699358139,0.906
157,0.561619152344672,0.9053
158,0.5636037328343848,0.9052
159,0.5609865444951084,0.9067
160,0.5618900629586125,0.904
161,0.5617184529403427,0.9049
162,0.5613014983989373,0.904
163,0.5616957539463519,0.9043
164,0.5626150656102262,0.9025
165,0.5632063186267224,0.9019
166,0.5635523918741504,0.9019
167,0.5641301306700999,0.9017
168,0.5618561791652633,0.9034
169,0.5617825440960793,0.9034
170,0.5618291595593495,0.9025
171,0.5622976295021753,0.901
172,0.5611364154952267,0.9013
173,0.5625699965603425,0.9012
174,0.5626454127189365,0.9027
175,0.5623424059716184,0.9021
176,0.5649894805024848,0.9018
177,0.5625382516163702,0.9038
178,0.5629989774182551,0.9015
179,0.563469546453464,0.9031
180,0.562548563203292,0.9029
181,0.5625922160329445,0.9034
182,0.5620386041699704,0.9028
183,0.5619929816784052,0.9041
184,0.5625683314747905,0.9028
185,0.5628084640484121,0.9017
186,0.5632193963790204,0.9019
187,0.5628150971043666,0.9044
188,0.561867868306814,0.9024
189,0.5621265421588105,0.9037
190,0.5636130096977708,0.9029
191,0.5622852076161059,0.9024
192,0.5622860175748587,0.9032
193,0.5618786003195785,0.9013
194,0.5632735982478471,0.9036
195,0.5620969349001466,0.9031
196,0.561201504270631,0.9057
197,0.5628732531236468,0.9041
198,0.5627886509533463,0.9035
199,0.5625126295284729,0.902
200,0.5629448938468907,0.9027
201,0.5619710865378135,0.9023
202,0.5617242711695947,0.9024
203,0.5615761532702384,0.903
204,0.5618395539227221,0.9034
205,0.562449128241907,0.9036
206,0.5625142894300103,0.9005
207,0.5618733857487358,0.9026
208,0.561834593044771,0.9021
209,0.561776652212594,0.9022
210,0.5618524593281429,0.9021
211,0.5619868510415786,0.9029
212,0.5624277627582357,0.9019
213,0.5614436091759912,0.9026
214,0.5620946606685527,0.9016
215,0.5622423526866633,0.9007
216,0.5615535694588139,0.9004
217,0.5624161761026296,0.9024
218,0.5619849339483285,0.9044
219,0.5629743145826047,0.9012
220,0.5617987843392682,0.9024
221,0.5622464982749739,0.902
222,0.5610463890407497,0.9031
223,0.5622223532421966,0.9027
224,0.5622222637559511,0.902
225,0.562371536270548,0.9036
226,0.5611662715619105,0.9041
227,0.5616680423743303,0.9037
228,0.562493050928976,0.9031
229,0.5620940836192434,0.9032
230,0.562382506141687,0.9018
231,0.5625717515975001,0.9032
232,0.5622459437629956,0.903
233,0.5615235454407266,0.904
234,0.5617959924420403,0.9051
235,0.5622525163280649,0.904
236,0.5619750557668868,0.9045
237,0.5616439792948834,0.9042
238,0.5623904564447362,0.9041
239,0.5622576312757666,0.9036
240,0.5614947842688442,0.9042
241,0.5622686300588994,0.9035
242,0.5622926079535896,0.9041
243,0.5617430068680025,0.903
244,0.5614360262929387,0.9038
245,0.5615357433378938,0.9049
246,0.5614831544184645,0.9046
247,0.5617107840514126,0.9045
248,0.5618842905031726,0.9023
249,0.5624367037916523,0.9024
250,0.5626663990942142,0.9024
251,0.5623098291327073,0.9033
252,0.561489553397831,0.9017
253,0.5634966913640329,0.9017
254,0.562342351371977,0.9031
255,0.5633321849711656,0.9021
256,0.5617073433644676,0.9028
257,0.5622850692517395,0.9022
258,0.5625377970196677,0.9022
259,0.562576193460323,0.9033
260,0.5620857345649374,0.9031
261,0.5625648903973796,0.9027
262,0.5620893681729173,0.9033
263,0.5619863002095006,0.9042
264,0.5622667857165093,0.9031
265,0.5647312102419032,0.9027
266,0.5630302904284125,0.9019
267,0.5618895467840709,0.9042
268,0.5633443358834912,0.9021
269,0.5624904511413416,0.9019
270,0.5618504557492401,0.9024
271,0.5617892103656084,0.9031
272,0.562003758102651,0.9026
273,0.5630423795304814,0.9042
274,0.5621320297645924,0.9029
275,0.5616641845081422,0.9038
276,0.5615083255776939,0.9032
277,0.5613316853169228,0.9012
278,0.5622785525629227,0.9034
279,0.5615077849213806,0.902
280,0.5624535258629143,0.903
281,0.5623468669590576,0.9032
282,0.5621129475560492,0.9031
283,0.56274810410611,0.9029
284,0.5625582258994725,0.9024
285,0.5623421398313534,0.9024
286,0.5621906996177368,0.9016
287,0.5620495715871463,0.9022
288,0.5618364535819556,0.9038
289,0.5630785854773673,0.902
290,0.5632977325870601,0.9021
291,0.563362273386073,0.9019
292,0.5632527939557983,0.9027
293,0.5633185472455873,0.9035
294,0.5630045706691983,0.9025
295,0.5641582812640699,0.9023
296,0.56237156299971,0.9033
297,0.5629123081765448,0.9028
298,0.5616306175070177,0.9046
299,0.5620854145839068,0.9035
300,0.5629320296523068,0.9031
301,0.5633728227428753,0.9033
302,0.5637273568417404,0.9014
303,0.5635312302054741,0.9039
304,0.563546826866625,0.9039
305,0.5617944549500296,0.9043
306,0.5616262605942127,0.9043
307,0.5621190501122413,0.904
308,0.5626706187058516,0.9025
309,0.5617756999290497,0.9048
310,0.562283905342784,0.9025
311,0.5621833969082457,0.9003
312,0.5626319132417296,0.9022
313,0.5625487775636726,0.9007
314,0.5634410210917842,0.9013
315,0.561858169558069,0.9037
316,0.5629127966377618,0.9022
317,0.5628556125144479,0.9018
318,0.5620112677421096,0.9017
319,0.5614956186946578,0.9059
320,0.5617518357115807,0.9048
321,0.5616457901707594,0.9059
322,0.5613934420202797,0.905
323,0.5614498155754978,0.9044
324,0.5627987518399001,0.902
325,0.5627159220229144,0.9033
326,0.5620491395137627,0.9031
327,0.5625370410693007,0.9041
328,0.5635467090557175,0.9029
329,0.5636392759953129,0.9022
330,0.5631398550312856,0.9027
331,0.5631128007735943,0.9041
332,0.5624702851852287,0.9036
333,0.5626066488462361,0.9044
334,0.562666211389119,0.9041
335,0.562037576424098,0.9027
336,0.5615672277411435,0.9033
337,0.561782821867098,0.9035
338,0.5610207985631046,0.9027
339,0.5612798095767678,0.9024
340,0.5620787718443849,0.9021
341,0.5633052764681934,0.9024
342,0.562126002209316,0.9027
343,0.5630545484503527,0.9022
344,0.5625636708984424,0.9024
345,0.5624329915444071,0.9036
346,0.5624776016671833,0.9037
347,0.5622879789345822,0.9047
348,0.5623266257427576,0.9032
349,0.5629208696976745,0.9045
350,0.5619912468242699,0.9035
351,0.5638357860506027,0.9028
352,0.563487598397429,0.904
353,0.5629841826235005,0.9022
354,0.5624407568196272,0.9038
355,0.5627167120166238,0.905
356,0.5637147172308098,0.9037
357,0.5619242097151083,0.9031
358,0.5617623543382494,0.9034
359,0.561912820631706,0.9033
360,0.5613626979012065,0.9043
361,0.5626678249743896,0.9039
362,0.5618517444166585,0.9056
363,0.5620239496914664,0.9059
364,0.5632353123033926,0.9014
365,0.560878988543283,0.9047
366,0.5630593804135312,0.9029
367,0.5624847669582212,0.9049
368,0.5619232845309894,0.9034
369,0.562244800587149,0.9031
370,0.56165060035301,0.9026
371,0.5619596253115496,0.9028
372,0.5616970539000754,0.902
373,0.5627896861192608,0.9035
374,0.5631361737960109,0.9021
375,0.563570926684676,0.9018
376,0.5627628779080756,0.9034
377,0.5626995161078496,0.9009
378,0.5635229334042614,0.902
379,0.5618875166161851,0.9005
380,0.5640604143027637,0.9021
381,0.562063806936347,0.9025
382,0.5628963979307903,0.9037
383,0.5624436137778689,0.9028
384,0.5629488362479628,0.902
385,0.5641725467471481,0.9015
386,0.5627450176534738,0.9017
387,0.5629266149700672,0.9009
388,0.5623593357404735,0.9023
389,0.5616326904760509,0.9024
390,0.5630494033607261,0.9021
391,0.5628053398353363,0.9032
392,0.5624429855192467,0.9015
393,0.5623611947390942,0.9046
394,0.5618394456518725,0.9034
395,0.562100812868592,0.902
396,0.5636504879174536,0.9026
397,0.5626181626847552,0.9037
398,0.5623483614132271,0.9043
399,0.5623723801409198,0.9041
400,0.5625555082960466,0.9036
401,0.5615194675630694,0.9037
402,0.5620736265604775,0.9048
403,0.561968341563992,0.904
404,0.5618422436831374,0.903
405,0.5617496870431894,0.9029
406,0.5623745464494774,0.904
407,0.5619780870351421,0.9031
408,0.562327734891666,0.9036
409,0.5632926534368469,0.9022
410,0.5619424663960825,0.9039
411,0.563294947246882,0.901
412,0.5626123315963611,0.9016
413,0.5631528738339169,0.9022
414,0.5633440480873463,0.9044
415,0.5636228320739765,0.9009
416,0.5638761809175002,0.9019
417,0.5626571858608381,0.903
418,0.5621091073900465,0.9037
419,0.5633926226090805,0.9038
420,0.5633319882267039,0.9031
421,0.5630259161990739,0.9031
422,0.5630348576514672,0.9027
423,0.5637443529595336,0.9005
424,0.5621830985477925,0.9029
425,0.5627433422674756,0.9039
426,0.5614565016366636,0.9047
427,0.56168663446305,0.9021
428,0.5622107047985593,0.9034
429,0.5619689460176751,0.9035
430,0.5624476514453511,0.9014
431,0.5620805932548439,0.9027
432,0.5635856719831998,0.9035
433,0.561575742035217,0.9025
434,0.5616014947553319,0.9014
435,0.56171982901368,0.9018
436,0.5613088683276328,0.9019
437,0.5607063635099442,0.9036
438,0.5613957465172661,0.9028
439,0.5621568954597784,0.9015
440,0.5622808553025124,0.9019
441,0.5616986083342012,0.9025
442,0.5612810108917032,0.9041
443,0.5620705827660429,0.9031
444,0.5619287262879602,0.9033
445,0.5632496162717956,0.9011
446,0.5614851716344301,0.9035
447,0.5625871127584318,0.9036
448,0.5637563199395335,0.9028
449,0.5617718580326695,0.9031
450,0.5626340359513047,0.9027
451,0.5625192538806474,0.9023
452,0.5638056080070748,0.9022
453,0.5621831007262608,0.903
454,0.5612696596979415,0.9033
455,0.5621972553541253,0.9027
456,0.5627387758339832,0.9023
457,0.5616587731097707,0.9048
458,0.5628544309300929,0.902
459,0.5610221376798037,0.9019
460,0.5616798952789335,0.9017
461,0.5633243135139168,0.902
462,0.5631762084074683,0.9023
463,0.5618015428275631,0.9003
464,0.5613611969357704,0.9011
465,0.5614288645294795,0.903
466,0.5629612187056847,0.9019
467,0.5617506418536901,0.9038
468,0.5628920403208443,0.9039
469,0.5616751576438693,0.9041
470,0.5620579117829424,0.9038
471,0.5638605527895074,0.8997
472,0.5634183396058717,0.9
473,0.5631979454510209,0.9014
474,0.5628053457136428,0.9018
475,0.562348617606647,0.9033
476,0.5619726043833021,0.9035
477,0.5620715292259314,0.9033
478,0.5624091366121929,0.9034
479,0.5616392410385381,0.9032
480,0.5626818104791012,0.9023
481,0.5622530559627468,0.9037
482,0.561617840092545,0.9021
483,0.5620606466792224,0.9013
484,0.5620056458837389,0.9006
485,0.5619755909169885,0.9037
486,0.5625268710852462,0.9015
487,0.5623502902537936,0.9016
488,0.56209051994974,0.9021
489,0.5619707426234678,0.9004
490,0.5614674154078352,0.9028
491,0.562354951602823,0.9012
492,0.5635593203551625,0.9016
493,0.5615801870796875,0.9017
494,0.5624749196716607,0.9028
495,0.5622451518884641,0.9039
496,0.5621983363241582,0.9031
497,0.5619736729793382,0.9028
498,0.5613972176466216,0.9033
499,0.5634431207435835,0.9039
500,0.5624622201233777,0.9039
501,0.5616629075429903,0.9046
502,0.5628835252094668,0.9027
503,0.5641873672813814,0.9034
504,0.5618656715555306,0.9028
505,0.5623992578956104,0.9036
506,0.5624902238136225,0.9015
507,0.5613899089397301,0.9028
508,0.5616447480327083,0.9033
509,0.5633731005019473,0.9025
510,0.5619634681371927,0.9019
511,0.563233118267763,0.9006
512,0.5618125621005028,0.904
513,0.5622154244786759,0.9037
514,0.5618711070562102,0.9031
515,0.5626092586528053,0.9031
516,0.5633408484370228,0.9039
517,0.5627249501205867,0.903
518,0.5622226772257543,0.9023
519,0.5615545847556186,0.9036
520,0.5620090276217333,0.9038
521,0.5626552740672651,0.9032
522,0.5623456247647418,0.9046
523,0.5618992757297872,0.9037
524,0.5626236957427886,0.9034
525,0.5617235386365684,0.9035
526,0.5631244512444242,0.9029
527,0.563667527450268,0.9018
528,0.5626902435193182,0.903
529,0.5615462964928963,0.906
530,0.5614234625268811,0.9034
531,0.5612423546032623,0.9022
532,0.5617869017403792,0.9037
533,0.5618662504655754,0.902
534,0.5617985653611004,0.9033
535,0.5616785084470279,0.9038
536,0.5629111670488677,0.9036
537,0.5616711737305278,0.9024
538,0.5615706085746518,0.9025
539,0.561617534989606,0.902
540,0.5616057652041495,0.902
541,0.5618368816715172,0.9025
542,0.5631105515760658,0.9007
543,0.5624100910938091,0.9022
544,0.5643988637392366,0.9022
545,0.5623292300069587,0.9031
546,0.5621170222423494,0.9023
547,0.5618283859623607,0.9006
548,0.5615789876530111,0.9031
549,0.5629979799073537,0.9036
550,0.5626162627199193,0.9021
551,0.561859467002319,0.9027
552,0.5626256475250039,0.9026
553,0.5624254484499449,0.9035
554,0.5619417097999108,0.9046
555,0.5627649747983293,0.9033
556,0.5640024825802555,0.9027
557,0.5620461978855835,0.9028
558,0.5632839077431012,0.9019
559,0.5630222523262282,0.9045
560,0.5624212049505567,0.9024
561,0.5626182120928468,0.9044
562,0.5622002013935099,0.9048
563,0.562357834018122,0.9025
564,0.5623044745890654,0.9035
565,0.5617442665244435,0.9048
566,0.5626534373063451,0.9032
567,0.5622898784286728,0.9036
568,0.56294227947267,0.9034
569,0.5623940235620064,0.9046
570,0.5623110434943921,0.9051
571,0.5626621109469436,0.9026
572,0.5628163367465154,0.903
573,0.5642498028074964,0.9031
574,0.5630558862841585,0.9006
575,0.5635794221044532,0.9019
576,0.5627772955522572,0.9044
577,0.562478256227728,0.9041
578,0.5620843189630892,0.9031
579,0.562562633776509,0.9025
580,0.5634642683973663,0.9017
581,0.5629665840064975,0.9036
582,0.5620380173044137,0.9018
583,0.5625089512729106,0.9024
584,0.56256662706294,0.9033
585,0.5622720826899805,0.9032
586,0.5618728791784401,0.9037
587,0.5619193448378516,0.902
588,0.5614677915543536,0.9028
589,0.5616220378674045,0.9032
590,0.5616255865703956,0.9039
591,0.5619711980183559,0.9039
592,0.5622270643879043,0.9025
593,0.5613705403144915,0.9038
594,0.5613005863363506,0.9029
595,0.5639090735947418,0.901
596,0.5611592476963446,0.9053
597,0.5613837867384984,0.902
598,0.5616745282529283,0.9024
599,0.561202744051349,0.9045
600,0.5615996716080685,0.9031
601,0.5627095314522235,0.9033
602,0.5633361807704811,0.902
603,0.5628019675483017,0.9037
604,0.5620169877423167,0.9033
605,0.5620535782899841,0.9035
606,0.5645284137409856,0.9028
607,0.5637407310532878,0.902
608,0.5635765036388544,0.9015
609,0.5618238257558543,0.9043
610,0.5629993783000304,0.9038
611,0.5640065548404826,0.9018
612,0.5637429653235679,0.9034
613,0.5618084766692455,0.9043
614,0.5632699466265869,0.903
615,0.5627535155817888,0.905
616,0.5619675040186236,0.9037
617,0.5621901303720951,0.9054
618,0.5619256119962007,0.9039
619,0.5630308186380554,0.9027
620,0.5628940134421127,0.9033
621,0.561574888707027,0.9038
622,0.5619751293827562,0.9044
623,0.5627212899468319,0.9037
624,0.5621420377604007,0.9043
625,0.5624517311093229,0.9041
626,0.562717589207629,0.9023
627,0.5625557435817001,0.9034
628,0.5638773139405712,0.9019
629,0.5643012212593886,0.9041
630,0.5632580960128797,0.902
631,0.5628828741143739,0.9018
632,0.5624178994300758,0.9028
633,0.5625287541717091,0.9044
634,0.5616015356013456,0.9043
635,0.5619689410818337,0.9026
636,0.5642765338089482,0.9004
637,0.5647884434103163,0.9026
638,0.5629394378173266,0.9028
639,0.5644087289294589,0.9012
640,0.5622486154457579,0.9032
641,0.5624445443081354,0.9036
642,0.5625087776386962,0.9014
643,0.5621295222097659,0.9035
644,0.5612264888535184,0.9038
645,0.5627357902623635,0.9049
646,0.561830092401251,0.903
647,0.5623482264320157,0.9056
648,0.5618268267414204,0.9058
649,0.5619098467233041,0.9027
650,0.5630650121934689,0.9033
651,0.5620545135520704,0.9014
652,0.5618716482296591,0.9022
653,0.561466187521683,0.9026
654,0.562001007316281,0.9027
655,0.5613939610028154,0.9049
656,0.5611553666444323,0.905
657,0.5616848902428795,0.9026
658,0.5623347467299489,0.9044
659,0.5618186909627481,0.9041
660,0.5617045975808184,0.9037
661,0.5623754568354128,0.9031
662,0.5623745324482552,0.9026
663,0.5618715506596184,0.9033
664,0.5617435103232592,0.9039
665,0.5619561238628518,0.9027
666,0.5627469259939806,0.9025
667,0.5621993316263438,0.9031
668,0.5621705607568788,0.9034
669,0.5633758778917848,0.9027
670,0.5626339394885926,0.9029
671,0.561741487621939,0.9035
672,0.5628239387240443,0.9033
673,0.5626953231220027,0.9041
674,0.5623511664678623,0.9039
675,0.5626922047170607,0.9039
676,0.5628014140748587,0.9036
677,0.5630639443389513,0.9037
678,0.5623028871010838,0.9034
679,0.5637742984637905,0.9038
680,0.5618747075940516,0.9036
681,0.5630684229019706,0.9036
682,0.5616426878350489,0.9033
683,0.5615512058531154,0.9037
684,0.5618561708046732,0.906
685,0.5626670038432935,0.9043
686,0.562147018606764,0.9039
687,0.5632723310277712,0.9027
688,0.5631094866380661,0.9036
689,0.5627132825952879,0.9038
690,0.563762511231172,0.9029
691,0.5640619166170915,0.9027
692,0.5633367416361584,0.9038
693,0.5639668421612993,0.9033
694,0.5624183154890776,0.9033
695,0.563004009671409,0.9031
696,0.5627799988254237,0.9021
697,0.563090207012229,0.9023
698,0.563152373898304,0.9008
699,0.5641710019067507,0.9024
700,0.5635062543462255,0.9021
701,0.5641540338727805,0.9023
702,0.5626795409626876,0.9028
703,0.5620034753952464,0.9037
704,0.5624305822936302,0.9025
705,0.5626710924680448,0.9021
706,0.5619874835033077,0.9022
707,0.5620751062226225,0.9032
708,0.5636749671989878,0.9039
709,0.5628405241340969,0.9029
710,0.5622730704109458,0.9028
711,0.5624221687122971,0.903
712,0.5618777261033788,0.9023
713,0.5628255749183845,0.9031
714,0.5632596871585793,0.9044
715,0.5632010889256848,0.9021
716,0.5627631085175998,0.9019
717,0.5617955649179057,0.9041
718,0.5628954283485609,0.9032
719,0.561506859317905,0.9036
720,0.5630981003515486,0.9005
721,0.5616985327820087,0.9041
722,0.5621977362030293,0.9041
723,0.5626937283258175,0.9027
724,0.5619189345277821,0.9036
725,0.5634975449142535,0.9025
726,0.5644161758446709,0.9011
727,0.5639044356598686,0.901
728,0.5643535707555423,0.9007
729,0.5643189595875558,0.903
730,0.562727360659052,0.9046
731,0.5630620526268426,0.9025
732,0.5633308148733807,0.9034
733,0.5628329145698726,0.903
734,0.5631657374733218,0.9036
735,0.5618933793884461,0.9032
736,0.5618661529442156,0.9022
737,0.5619917399332555,0.9029
738,0.562726110333424,0.9033
739,0.5626272402471547,0.9036
740,0.5619965200299705,0.9044
741,0.561397076313197,0.9029
742,0.561468859353247,0.9035
743,0.5610480604967627,0.9052
744,0.5614813367489752,0.9039
745,0.5622711362553026,0.9017
746,0.562184544680784,0.9044
747,0.561362486192869,0.9049
748,0.5622774818261013,0.9028
749,0.5626890202335615,0.9013
750,0.5627269790604408,0.9018
751,0.5611753530999362,0.9056
752,0.5618414583557139,0.903
753,0.562387366167286,0.9047
754,0.5616833869555315,0.9043
755,0.5618373288535531,0.9057
756,0.5620083854323921,0.9024
757,0.5621252451437246,0.902
758,0.5613314164913101,0.9024
759,0.561614765779024,0.9032
760,0.5610002858285434,0.9045
761,0.5620546535360201,0.9051
762,0.562501855799041,0.9024
763,0.562453623183232,0.9026
764,0.5632976182025857,0.9047
765,0.5613344816881812,0.9047
766,0.5622397635623291,0.9035
767,0.5614374042948453,0.9028
768,0.5620472797458522,0.903
769,0.5624782418240872,0.9034
770,0.5617833349246526,0.9026
771,0.561594692365086,0.9041
772,0.5630908823311918,0.9013
773,0.5628109741939997,0.9012
774,0.5626251279910631,0.9039
775,0.563824704586081,0.9025
776,0.5623418206471554,0.9027
777,0.5625288552450035,0.903
778,0.5621379995928931,0.9019
779,0.561927373293847,0.9037
780,0.5624086801935373,0.903
781,0.5619841360878547,0.9035
782,0.5613967605909256,0.905
783,0.5626912230242845,0.9033
784,0.561657199806561,0.9023
785,0.5613646922127414,0.9029
786,0.5636273911436132,0.9039
787,0.5617481086135662,0.904
788,0.5619253896406378,0.9035
789,0.562775320144719,0.9047
790,0.5624074409265966,0.9031
791,0.5614112735760375,0.9048
792,0.561724326805318,0.9039
793,0.5637591295261368,0.9056
794,0.5632751302547174,0.905
795,0.5621675832947474,0.9025
796,0.5623400487548861,0.902
797,0.5626858771200615,0.9046
798,0.5631562571308002,0.903
799,0.5615616997750298,0.9048
800,0.5618781604951658,0.9041
801,0.5633722824555729,0.9029
802,0.5612838110535572,0.9051
803,0.5629710974554163,0.9023
804,0.5620233982246157,0.9023
805,0.5617051659112412,0.9031
806,0.5618941512155987,0.9038
807,0.5634659572025233,0.903
808,0.5630753001256931,0.9022
809,0.5619568105942069,0.903
810,0.5621974148522132,0.9039
811,0.562431727445757,0.9032
812,0.5631063122656706,0.9037
813,0.5621994880195694,0.9025
814,0.5624165859535215,0.9015
815,0.560891515710551,0.9019
816,0.5623623598351469,0.9026
817,0.5627882442207451,0.9051
818,0.5621799515133461,0.9035
819,0.56125889121878,0.9029
820,0.5626392590622576,0.9011
821,0.5608381103102722,0.9038
822,0.5616786315979275,0.9039
823,0.5618943105605863,0.904
824,0.5618280719104736,0.9044
825,0.5614951603141193,0.9043
826,0.5616649818960326,0.9045
827,0.5623823341752877,0.9031
828,0.5617136939300376,0.9025
829,0.5618584962068762,0.9023
830,0.5630688576514955,0.9015
831,0.5617477840666254,0.9027
832,0.5634875082351769,0.9019
833,0.5632908271636463,0.9035
834,0.5616524528319986,0.9043
835,0.5617669357210278,0.9043
836,0.5625541214583939,0.9036
837,0.5630918599441308,0.9033
838,0.5632347043470419,0.9014
839,0.5623709761789178,0.9023
840,0.5616472545497115,0.903
841,0.5620858113432642,0.9036
842,0.5634490939460391,0.9026
843,0.5615953308645094,0.9021
844,0.5619730522203541,0.9048
845,0.5622016994756764,0.9051
846,0.561425923135423,0.9045
847,0.5621087302042428,0.9043
848,0.5622009143765111,0.9036
849,0.5619222243310933,0.9035
850,0.564307775460769,0.9032
851,0.5630842340737605,0.9028
852,0.5630700237549694,0.9014
853,0.5624303341643613,0.9039
854,0.5617637936522585,0.9041
855,0.562093747485415,0.9052
856,0.5622270812850949,0.9037
857,0.5620426828094089,0.9032
858,0.56293246973457,0.9033
859,0.5626734142964518,0.9024
860,0.5618735819212488,0.9019
861,0.5634392610623571,0.9008
862,0.5629998844317397,0.9023
863,0.5628427451757974,0.904
864,0.5629704162315167,0.9013
865,0.5637109304441826,0.9031
866,0.5638563680066269,0.9015
867,0.5613302511072126,0.9024
868,0.5621624266879254,0.9043
869,0.5627863969490506,0.9038
870,0.5626468442454731,0.9019
871,0.562564608917411,0.9042
872,0.5631033592089356,0.9011
873,0.5628280858261356,0.9008
874,0.5628986969587297,0.9022
875,0.5625526865000083,0.9025
876,0.5627173170259315,0.9011
877,0.5632813802209926,0.9021
878,0.5624341259670875,0.902
879,0.5623433028461666,0.9005
880,0.5614923909523111,0.903
881,0.5630397812552547,0.9024
882,0.5619747628100312,0.9035
883,0.5635656707062409,0.9026
884,0.5631461451141875,0.9016
885,0.5643021738864133,0.8999
886,0.5625816205384868,0.9022
887,0.5625786173342411,0.9019
888,0.5616098538262754,0.9028
889,0.5632648494817738,0.9015
890,0.5630244932121323,0.902
891,0.5627454028179497,0.9041
892,0.5623771211904692,0.9034
893,0.5629198583969086,0.901
894,0.5618400194639036,0.902
895,0.5635301853486402,0.9012
896,0.5626625296859051,0.903
897,0.5630038177425789,0.9029
898,0.5627099603347218,0.9024
899,0.5623593715026582,0.9028
900,0.5620014883506164,0.9028
901,0.5615687747884546,0.9026
902,0.5619926315026466,0.9023
903,0.562538281371734,0.9022
904,0.5633853006053353,0.9022
905,0.5623899626579646,0.9039
906,0.5630759949056509,0.9027
907,0.5617417985674232,0.9036
908,0.5620609877188021,0.904
909,0.5633250203346386,0.9033
910,0.5626210633034542,0.9047
911,0.5616837828899589,0.9052
912,0.5617882305556886,0.904
913,0.5635197739512657,0.9032
914,0.5620515155532697,0.9047
915,0.5626105716289759,0.9039
916,0.561799029766717,0.9036
917,0.5623215302351552,0.9021
918,0.56213898606915,0.9027
919,0.5631523487884822,0.9017
920,0.5623444245863143,0.9028
921,0.5632655794605772,0.9022
922,0.5620876638209215,0.903
923,0.5627760532529432,0.9026
924,0.5615428989857711,0.9041
925,0.562605801187375,0.9023
926,0.561553813242096,0.9038
927,0.5615598860592921,0.9037
928,0.5617611381378671,0.9047
929,0.5624099854606505,0.9059
930,0.563750245843537,0.9049
931,0.5623640854637957,0.9039
932,0.5620847450259282,0.9041
933,0.5616201389518602,0.9024
934,0.5615390405334924,0.9026
935,0.5615233950480811,0.9038
936,0.5616764567052124,0.9034
937,0.5612811022980712,0.9042
938,0.561468535572687,0.9044
939,0.5615950924772827,0.9051
940,0.5613117675869184,0.9056
941,0.562765029327833,0.9029
942,0.5613397363265603,0.9038
943,0.5632933150426099,0.9025
944,0.5617551877652894,0.9026
945,0.5608724296379101,0.9038
946,0.5630572973599534,0.9047
947,0.5629656133280442,0.9036
948,0.562547045600172,0.9035
949,0.561513609084477,0.9042
950,0.5624851917674424,0.9044
951,0.5624574566832877,0.9041
952,0.5615203578956909,0.9049
953,0.5618532890221635,0.9043
954,0.5616958691425481,0.9043
955,0.5635211827122294,0.904
956,0.5625568071807817,0.9044
957,0.5634009300479529,0.9055
958,0.5625770399553334,0.9042
959,0.5621811816034289,0.9049
960,0.5615545297776577,0.9032
961,0.5616723533779934,0.9041
962,0.5621408343552236,0.9023
963,0.5621424588372822,0.9032
964,0.5624699144659985,0.9045
965,0.5617887044011448,0.905
966,0.5625086581446975,0.9039
967,0.5629206258075266,0.9037
968,0.5627983039534755,0.9035
969,0.5621917197029784,0.9021
970,0.5618922840409424,0.9029
971,0.5622057066681301,0.9034
972,0.5612365230609663,0.9037
973,0.5618049577049344,0.9029
974,0.5645180794724385,0.9005
975,0.5616340967730176,0.903
976,0.5625606311638722,0.9036
977,0.5620324881663592,0.9044
978,0.5611553856381961,0.9049
979,0.5629980883145076,0.9031
980,0.5612851351235649,0.9032
981,0.5629367133736684,0.9041
982,0.561776749664537,0.9032
983,0.561537884073106,0.9012
984,0.5616509161693536,0.904
985,0.5614393854042791,0.9024
986,0.5624632317544201,0.902
987,0.5619783240957067,0.9039
988,0.5619633918109321,0.9028
989,0.5623150368911903,0.9046
990,0.5608849102747478,0.9033
991,0.5613318857260668,0.9034
992,0.5622295776427418,0.9027
993,0.5620862317666372,0.904
994,0.5625772566957232,0.9023
995,0.5624873391945153,0.9023
996,0.5614974797343395,0.9006
997,0.5612965517146522,0.9023
998,0.5619916823669986,0.9031
999,0.5623183720580722,0.9025
1000,0.5621416047067231,0.9036
