# Configuration:

dataset name: rcv1
model name: softmax classification
num_clients: 100
participation_rate: 0.1
num_classes: 2
numLocalEpochs: 5
learning_rate: 0.1
lambda: 0.001
mu: 0.0
num_classes: 2
# Results:

round,obj,test
1,0.5947240075373688,0.9166584329611699
2,0.5306052363654782,0.9266870862562988
3,0.49506047120503144,0.9353324770279616
4,0.4709297954660023,0.9377531864440273
5,0.45786800338102923,0.9405691137239404
6,0.446926291426066,0.9421005829463491
7,0.440701206945303,0.9418535717814446
8,0.435825185774046,0.9455587392550143
9,0.43241421774143546,0.9462997727497283
10,0.43116623966661893,0.9466455883805948
11,0.42857549168594083,0.948671079932813
12,0.4279087474596113,0.9489674933306985
13,0.42685943094031065,0.9493133089615651
14,0.4264511661410143,0.9489180910977176
15,0.42515452715257585,0.9497085268254125
16,0.4248312882895075,0.9497579290583934
17,0.4253008200601596,0.9515858116786878
18,0.4239385435214394,0.9519810295425353
19,0.4237805039834636,0.9520798340084972
20,0.4231963814240727,0.9519810295425353
21,0.42281572755653735,0.9530184764351348
22,0.4238409921391793,0.9525244541053256
23,0.4230384148520171,0.9526726608042684
24,0.4227494312099437,0.9522774429404209
25,0.42250779396332677,0.9523268451734018
26,0.42310596299757747,0.9524750518723446
27,0.42314865199966994,0.9529690742021539
28,0.42334833945722167,0.9527714652702303
29,0.4229252891970742,0.9530678786681158
30,0.4228500958727295,0.9532654876000395
31,0.4237638103743565,0.9533642920660014
32,0.42391776410593335,0.9534630965319633
33,0.42323363119653445,0.9533148898330205
34,0.4230384347457581,0.9526726608042684
35,0.4226396314393304,0.9538583143958107
36,0.42224442906226606,0.9510917893488786
37,0.42188323281785856,0.9531666831340777
38,0.42216143292666347,0.9520304317755163
39,0.4219119598594706,0.9517340183776307
40,0.422023307578473,0.9533642920660014
41,0.42184095821924134,0.9530184764351348
42,0.42241240248285233,0.9516352139116688
43,0.4217208455388923,0.9532654876000395
44,0.4221403794041848,0.9538089121628298
45,0.42309216204870365,0.9518822250765735
46,0.4221127703750042,0.9542041300266773
47,0.42193435026304343,0.9539077166287916
48,0.4220965189908993,0.9541053255607154
49,0.4222539373884565,0.9534630965319633
50,0.42264549417135905,0.9539077166287916
51,0.42313251506460403,0.9537101076968679
52,0.42293242262836916,0.9539571188617726
53,0.42258721492653906,0.9548957612884102
54,0.42266415348447134,0.9540065210947535
55,0.42278883617671215,0.9534136942989823
56,0.4228165705363473,0.9522280407074399
57,0.4238681198994854,0.9524256496393637
58,0.4244409569653675,0.9522280407074399
59,0.4236396356969226,0.9524256496393637
60,0.4230118176006791,0.9522280407074399
61,0.4238035646481217,0.952919671969173
62,0.4239324782502034,0.9526726608042684
63,0.42364325336297076,0.9527220630372493
64,0.4229985873541913,0.9537101076968679
65,0.42267008761985075,0.9540065210947535
66,0.4224362951725936,0.9544017389586009
67,0.42293905474162324,0.9552909791522577
68,0.42265092043853103,0.9547969568224484
69,0.4224603400818843,0.9542535322596581
70,0.42204594278707314,0.9540559233277344
71,0.4217787447151042,0.9544511411915818
72,0.4219393308584949,0.9537101076968679
73,0.4218990907373765,0.9550933702203339
74,0.42202531982797015,0.9539077166287916
75,0.4217789322980663,0.9532160853670586
76,0.42139850048776184,0.9536607054638869
77,0.4219507823257679,0.9545005434245628
78,0.4234779944391148,0.9542041300266773
79,0.4231032627795131,0.9547475545894675
80,0.42351636711714186,0.9535124987649441
81,0.4227896249565404,0.953611303230906
82,0.4222914746198717,0.952870269736192
83,0.4219477063209646,0.9526726608042684
84,0.42306183111051787,0.9516846161446497
85,0.42296966156781174,0.952178638474459
86,0.4224281901867594,0.9530678786681158
87,0.4225865681358857,0.9513388005137833
88,0.42241492241062956,0.9522774429404209
89,0.4223745521858988,0.9532654876000395
90,0.4226439321443968,0.9528208675032112
91,0.4230762592358671,0.9527714652702303
92,0.42208143065913384,0.9527714652702303
93,0.42287443934737023,0.9512399960478214
94,0.4232221179340255,0.952919671969173
95,0.42322725304894177,0.9540065210947535
96,0.4246635293183341,0.9531172809010967
97,0.42347614968419706,0.9539077166287916
98,0.4234380379066301,0.9535124987649441
99,0.424911499121679,0.9522774429404209
100,0.4231472630436905,0.9502519513882027
101,0.4229487118527073,0.9520304317755163
102,0.4231811265927717,0.9532654876000395
103,0.4235255676331385,0.952919671969173
104,0.4226172888473464,0.952178638474459
105,0.42270598626276573,0.9525244541053256
106,0.42230207102218276,0.9530678786681158
107,0.42259194200474764,0.9525244541053256
108,0.4223161164885791,0.9542041300266773
109,0.42222900712983397,0.9538583143958107
110,0.42196573727960746,0.9541547277936963
111,0.4219632906335032,0.9532654876000395
112,0.42238333124508126,0.953611303230906
113,0.42239389594120647,0.9546981523564865
114,0.42228418983797633,0.9547475545894675
115,0.42206561221890065,0.9550933702203339
116,0.42194074147905286,0.9540065210947535
117,0.42211538604767707,0.9535124987649441
118,0.42216440952914486,0.9538089121628298
119,0.4235102730829881,0.9503507558541646
120,0.4227034591731387,0.952870269736192
121,0.42322102126866323,0.9526232585712874
122,0.4225254937532651,0.9531666831340777
123,0.42247622861191847,0.9518328228435925
124,0.4225954679335417,0.9539077166287916
125,0.42228276247906277,0.9561802193459145
126,0.4228205895112948,0.9551921746862958
127,0.42331574324062515,0.9559332081810098
128,0.42273731858214786,0.9534136942989823
129,0.4234602126976771,0.9541053255607154
130,0.4226893303306092,0.9537595099298488
131,0.42207118807101995,0.9541053255607154
132,0.4232115208718118,0.95435233672562
133,0.4223778977792657,0.9536607054638869
134,0.42228745708572935,0.9535619009979251
135,0.4223110124613935,0.9538583143958107
136,0.42226617080977996,0.9542041300266773
137,0.42211625007954356,0.9547475545894675
138,0.42203604763311264,0.9533642920660014
139,0.42192919742882,0.9538583143958107
140,0.4216277769112062,0.9537101076968679
141,0.4215213180493845,0.9530678786681158
142,0.421784687799158,0.9547475545894675
143,0.4217721255539527,0.9551427724533149
144,0.421588542164319,0.9545005434245628
145,0.42197740741527173,0.9531666831340777
146,0.4216943431454103,0.9534630965319633
147,0.4217909985760952,0.9534630965319633
148,0.42153585014956124,0.9533148898330205
149,0.4214653477347573,0.952919671969173
150,0.42155031679386773,0.9527714652702303
151,0.42156132742153285,0.9513388005137833
152,0.42188477394522034,0.9537595099298488
153,0.42175311337091365,0.9534630965319633
154,0.42215356153837136,0.9538089121628298
155,0.4221209122128208,0.9534630965319633
156,0.42198176520713415,0.9539077166287916
157,0.42290920560302725,0.9527220630372493
158,0.4236798924936794,0.9518822250765735
159,0.42446562496906465,0.9515858116786878
160,0.42324697282933976,0.9529690742021539
161,0.42333760833825473,0.9532654876000395
162,0.4240615170004437,0.950795375950993
163,0.4237817983759995,0.9513882027467642
164,0.4238858366825684,0.9502519513882027
165,0.42318267599298165,0.9518822250765735
166,0.4225628974921381,0.9518328228435925
167,0.422697966923366,0.9517834206106116
168,0.422560777902974,0.950844778183974
169,0.42225002268816386,0.9499555379903172
170,0.42129359203554806,0.9515364094457069
171,0.4214960873849084,0.9523762474063827
172,0.42202045610154487,0.9513388005137833
173,0.4216304954091524,0.9532654876000395
174,0.422134737469947,0.9526232585712874
175,0.4214698908604326,0.9535619009979251
176,0.4214175793057435,0.9531666831340777
177,0.4217141457432168,0.9517340183776307
178,0.4218850019816595,0.9511905938148404
179,0.42223650909520477,0.9510917893488786
180,0.4228506538137885,0.9520304317755163
181,0.42221381038982636,0.9532654876000395
182,0.42263436655277764,0.9527714652702303
183,0.42244283170791214,0.9527220630372493
184,0.42218942789157754,0.952178638474459
185,0.42208261206036857,0.952178638474459
186,0.42223551010041155,0.9534630965319633
187,0.42242330127415245,0.9535619009979251
188,0.4230273334052638,0.9537101076968679
189,0.4227599950819245,0.9533642920660014
190,0.42249578369396357,0.9538089121628298
191,0.42188209418818806,0.9539077166287916
192,0.42182352122779704,0.9534630965319633
193,0.42190395495632405,0.9540065210947535
194,0.42219732554300266,0.9537101076968679
195,0.4218706609826472,0.953611303230906
196,0.422147979021044,0.953611303230906
197,0.4223987217489559,0.9538089121628298
198,0.42206170953282174,0.952919671969173
199,0.4219859508302167,0.9532160853670586
200,0.4225000437007144,0.953611303230906
201,0.4223840043980963,0.9540065210947535
202,0.42238173980915783,0.9521292362414782
203,0.42206307155009454,0.953611303230906
204,0.4222627150977969,0.9544511411915818
205,0.4221956630834483,0.9542041300266773
206,0.42216259841731274,0.9541053255607154
207,0.42183198836483804,0.9532654876000395
208,0.42189934042251226,0.9537595099298488
209,0.42228529806199744,0.9534136942989823
210,0.421908342938949,0.9530678786681158
211,0.4228403861747396,0.9513882027467642
212,0.42213462774398286,0.9539571188617726
213,0.4228665403163766,0.95435233672562
214,0.42273914791755085,0.9536607054638869
215,0.4227681005906081,0.9534630965319633
216,0.4225932497071412,0.9533642920660014
217,0.42258604388377224,0.9527714652702303
218,0.42251918852287973,0.9524256496393637
219,0.42241678654615744,0.9519316273095544
220,0.4226597714919284,0.9524256496393637
221,0.4224433176965675,0.9517340183776307
222,0.42268787058379936,0.9524750518723446
223,0.4221227975271844,0.9533148898330205
224,0.4219650008750423,0.9539571188617726
225,0.42240828731188595,0.95435233672562
226,0.42210182505569904,0.9545993478905247
227,0.4225058530300866,0.9549945657543721
228,0.42232119707953014,0.9542535322596581
229,0.42227736086323714,0.9522774429404209
230,0.4221113340711604,0.9525244541053256
231,0.42183474109459795,0.9531666831340777
232,0.42199766042647646,0.952919671969173
233,0.42165343659965754,0.9524256496393637
234,0.42250437842847244,0.9521292362414782
235,0.42206964738856473,0.9516846161446497
236,0.4225628765738362,0.9515858116786878
237,0.42343827618836816,0.9526232585712874
238,0.4224904452013633,0.9517834206106116
239,0.42260284496379596,0.9507459737180121
240,0.42249816212898433,0.9506965714850312
241,0.4231417940119519,0.9490662977966604
242,0.42294137193145404,0.9517340183776307
243,0.42257901637451545,0.9517834206106116
244,0.42243376061942856,0.9524256496393637
245,0.42248977230899726,0.9533148898330205
246,0.42263279981891777,0.9537595099298488
247,0.42385235028637197,0.952870269736192
248,0.4231556030827665,0.9542041300266773
249,0.4228282442651252,0.9537595099298488
250,0.4223767838080561,0.9533642920660014
251,0.42359444621131714,0.9502519513882027
252,0.4230374267183513,0.9511411915818595
253,0.42206639721163236,0.9526232585712874
254,0.42193315466362735,0.9525738563383065
255,0.4222117616855165,0.9519316273095544
256,0.4221352804502917,0.9541053255607154
257,0.42209229157905254,0.9549451635213911
258,0.42216281608612977,0.9545499456575437
259,0.42185354788442647,0.9542041300266773
260,0.4219407590143933,0.9534136942989823
261,0.42192510671307165,0.9544511411915818
262,0.4223169561565369,0.9531666831340777
263,0.42161537218488565,0.9533642920660014
264,0.422136288575969,0.9542535322596581
265,0.42200783822749527,0.9541547277936963
266,0.42227949194518977,0.9532654876000395
267,0.4223692109755158,0.9533642920660014
268,0.4224058351028346,0.9537595099298488
269,0.4233558758022025,0.9545993478905247
270,0.4241994858247284,0.954302934492639
271,0.4233758800174761,0.9548957612884102
272,0.4226273962721893,0.9535124987649441
273,0.42269086576476145,0.9539571188617726
274,0.42320933005535927,0.9524256496393637
275,0.42266889246036243,0.9530184764351348
276,0.42197853702737537,0.9535619009979251
277,0.42194912862848144,0.9541547277936963
278,0.42238704425308193,0.9544017389586009
279,0.42241129589958065,0.9544511411915818
280,0.422544924651082,0.953611303230906
281,0.4227330636603785,0.9548463590554293
282,0.4235618647362641,0.9527220630372493
283,0.4230508926103913,0.9530678786681158
284,0.4226618329730055,0.9542535322596581
285,0.42214015943394717,0.95435233672562
286,0.42215603529798923,0.9554885880841814
287,0.4223560245080107,0.9540065210947535
288,0.42343268234308473,0.9522280407074399
289,0.4241133714761917,0.9511411915818595
290,0.4228478355214376,0.9545993478905247
291,0.42307425961900713,0.9530184764351348
292,0.4223784386413048,0.9552909791522577
293,0.42210491784851834,0.9547475545894675
294,0.4224766803123101,0.9539077166287916
295,0.42274022508741294,0.9545993478905247
296,0.4221392591080916,0.9537595099298488
297,0.4221886422277028,0.954302934492639
298,0.4224183440651026,0.9530184764351348
299,0.42318854155572566,0.9517834206106116
300,0.42292855489486886,0.9515858116786878
301,0.4227674521004556,0.9524256496393637
302,0.42252672777109823,0.9541053255607154
303,0.4228151550484326,0.9545993478905247
304,0.4229143426761905,0.954302934492639
305,0.42221449381642506,0.9542535322596581
306,0.422914379617376,0.9541547277936963
307,0.4222661918530344,0.9538089121628298
308,0.4227400884329825,0.9538089121628298
309,0.4230009996736254,0.9545993478905247
310,0.4223309945895945,0.9539571188617726
311,0.4225232009292676,0.9532160853670586
312,0.4225675022888219,0.9534136942989823
313,0.42376843445341433,0.9518328228435925
314,0.4225185579772535,0.9532654876000395
315,0.42391483364886595,0.9521292362414782
316,0.42435086766923746,0.9525244541053256
317,0.4246780311681314,0.9521292362414782
318,0.4221636873518289,0.953611303230906
319,0.4219013430712182,0.954302934492639
320,0.42180661083589527,0.9537101076968679
321,0.42230464131266976,0.952919671969173
322,0.4222346028392188,0.9533148898330205
323,0.42252892672004977,0.9539077166287916
324,0.4223414722062715,0.9541053255607154
325,0.4223456008279822,0.9531666831340777
326,0.42192566912094304,0.9534630965319633
327,0.42244042550100974,0.9525244541053256
328,0.4222832710082802,0.9526726608042684
329,0.4219507769577454,0.9535619009979251
330,0.4227288054829163,0.9525244541053256
331,0.42206113473849693,0.952870269736192
332,0.42238240266154037,0.9538089121628298
333,0.42227667586407147,0.9542041300266773
334,0.42182878966605764,0.9547969568224484
335,0.42167367514596926,0.9542535322596581
336,0.4216026053350638,0.954302934492639
337,0.4215132846582504,0.9545499456575437
338,0.42214010355372894,0.954302934492639
339,0.42160137143104737,0.9544017389586009
340,0.4214232526658817,0.9537595099298488
341,0.4216269007999807,0.9529690742021539
342,0.42150607740722285,0.9534630965319633
343,0.42189716190039944,0.9541053255607154
344,0.42215062284440963,0.9538089121628298
345,0.42351343669055197,0.9522774429404209
346,0.42357906887186314,0.9530184764351348
347,0.4227495635587922,0.9534136942989823
348,0.42284288359133,0.9539077166287916
349,0.42300172470776315,0.9545993478905247
350,0.4224210758727547,0.9529690742021539
351,0.42273314054278627,0.9541053255607154
352,0.42212619531900186,0.9542535322596581
353,0.42220663853302215,0.953611303230906
354,0.42263254814361256,0.9544017389586009
355,0.42234709392595554,0.9545005434245628
356,0.42272331761768667,0.9522280407074399
357,0.42299849323190786,0.9532160853670586
358,0.42374327018074176,0.9544511411915818
359,0.4230844009745631,0.9544017389586009
360,0.4227702029242697,0.9535124987649441
361,0.4221868960483534,0.9545993478905247
362,0.42218624819678774,0.954302934492639
363,0.4223577064624244,0.9542535322596581
364,0.4230404493108639,0.9509435826499357
365,0.42206609959515723,0.9527714652702303
366,0.42185293270160606,0.9538583143958107
367,0.42245273707826614,0.9531666831340777
368,0.4215486502698803,0.9539571188617726
369,0.4222340088317392,0.9538089121628298
370,0.4226509094924236,0.9538089121628298
371,0.4227417198367743,0.9526726608042684
372,0.42253152002448374,0.9535619009979251
373,0.42229153947217357,0.953611303230906
374,0.42225757662496893,0.9538583143958107
375,0.42254795300833703,0.9552909791522577
376,0.42262480975128314,0.9540559233277344
377,0.42290222976495867,0.9553403813852386
378,0.4232698874818434,0.9538583143958107
379,0.42284650451925804,0.9553897836182196
380,0.4229589278426813,0.9560320126469717
381,0.4226996915841746,0.9559332081810098
382,0.4228694899231751,0.955043967987353
383,0.423519244513222,0.9546981523564865
384,0.4229382552823175,0.9545993478905247
385,0.4229271524065164,0.9541547277936963
386,0.42266922537342444,0.9528208675032112
387,0.4227763054805278,0.9538089121628298
388,0.4220308428215416,0.9533642920660014
389,0.42245658766646865,0.953611303230906
390,0.4241193017995551,0.9524256496393637
391,0.424142706188121,0.9530678786681158
392,0.42391141202085547,0.9538583143958107
393,0.42384581928903076,0.9539077166287916
394,0.4225412251755977,0.9524256496393637
395,0.42274843389765504,0.9538089121628298
396,0.4226012746114878,0.9537101076968679
397,0.4224022195434099,0.9532654876000395
398,0.42234629436546556,0.9537101076968679
399,0.42228886088361833,0.9537101076968679
400,0.4226205544010288,0.9535124987649441
401,0.4218354798480286,0.9523268451734018
402,0.4218813730705359,0.9531666831340777
403,0.4223439961973164,0.9534136942989823
404,0.4227358148379815,0.9526232585712874
405,0.4241245314992545,0.9526232585712874
406,0.4228594175475094,0.9534630965319633
407,0.42277737218939904,0.9528208675032112
408,0.42272743106790883,0.9523762474063827
409,0.4223856295555596,0.9519316273095544
410,0.4227378170310202,0.9526726608042684
411,0.4232093740649323,0.9497579290583934
412,0.42211521244403505,0.952919671969173
413,0.42212312355281933,0.9540559233277344
414,0.42220232735970825,0.9541547277936963
415,0.42264170033763504,0.9544511411915818
416,0.42256694550339,0.9548463590554293
417,0.42301285797241794,0.9549451635213911
418,0.4226959556089725,0.9553403813852386
419,0.4232432218457451,0.9540559233277344
420,0.42228514045932514,0.9535124987649441
421,0.42282239228823126,0.9530184764351348
422,0.4227755926020554,0.9528208675032112
423,0.4223410120191956,0.9528208675032112
424,0.42256265276680716,0.9535124987649441
425,0.42309736011255417,0.9525244541053256
426,0.42359658898201336,0.9534630965319633
427,0.4228007174133418,0.9537101076968679
428,0.4229987881092983,0.9537101076968679
429,0.42235227724316343,0.9541547277936963
430,0.4225000984564337,0.9533148898330205
431,0.42280981035037835,0.9531666831340777
432,0.42264034659315036,0.952178638474459
433,0.4226121601166809,0.9522280407074399
434,0.42361547066049265,0.9515364094457069
435,0.4220547736655439,0.9524750518723446
436,0.42219301188933206,0.9533642920660014
437,0.42246691923465624,0.9527714652702303
438,0.4221658752574402,0.9524750518723446
439,0.4222300954198835,0.952919671969173
440,0.4225960690612806,0.9526232585712874
441,0.4225101332374445,0.952870269736192
442,0.42234279192148655,0.95435233672562
443,0.4217365933110292,0.9528208675032112
444,0.4215786565868936,0.9537595099298488
445,0.4218303515333293,0.9525244541053256
446,0.4222286250370338,0.9527714652702303
447,0.4217857948650396,0.9532160853670586
448,0.4224050155148168,0.9516352139116688
449,0.42206710822864346,0.9524750518723446
450,0.42237621758451843,0.9529690742021539
451,0.4229331623270747,0.9531172809010967
452,0.42245181226038614,0.9534136942989823
453,0.42275136918084383,0.9538583143958107
454,0.42217683402623896,0.952870269736192
455,0.42240028165500804,0.9528208675032112
456,0.42284690203835734,0.952178638474459
457,0.4225694182430576,0.9526726608042684
458,0.4219830478686115,0.9537595099298488
459,0.42212526976804593,0.9531172809010967
460,0.42241535224506266,0.952919671969173
461,0.4219593585040941,0.9531172809010967
462,0.422782478848512,0.9520304317755163
463,0.4228268922597152,0.9537101076968679
464,0.4222178979062544,0.9533148898330205
465,0.42227791410633264,0.952919671969173
466,0.4225995013469947,0.9539077166287916
467,0.42278505403965017,0.954302934492639
468,0.42281839365569773,0.9540559233277344
469,0.42321448168154646,0.9545993478905247
470,0.4226778761733063,0.954302934492639
471,0.4231203536130559,0.9537595099298488
472,0.4223271880997029,0.9537595099298488
473,0.4227933623073022,0.9537595099298488
474,0.42267610655200377,0.9551921746862958
475,0.42253360535518636,0.9549451635213911
476,0.4229265939085567,0.9547969568224484
477,0.42297210057200035,0.9531172809010967
478,0.42250004499788774,0.9545499456575437
479,0.422390398506721,0.954302934492639
480,0.42221176446342434,0.9537101076968679
481,0.4223558274521152,0.9541547277936963
482,0.4227629335128072,0.9533148898330205
483,0.4225228518209365,0.9541053255607154
484,0.4233859661324254,0.9539077166287916
485,0.4232493453694451,0.9541547277936963
486,0.42221078377726373,0.9551921746862958
487,0.4224737952889172,0.9542041300266773
488,0.42268229229047527,0.9548957612884102
489,0.4232545163226545,0.9513882027467642
490,0.42219030029510235,0.9540065210947535
491,0.42210422864251024,0.9548957612884102
492,0.42248351794023464,0.9538583143958107
493,0.42187961093195003,0.9549945657543721
494,0.4220291615897761,0.9560320126469717
495,0.4227438299402234,0.9559332081810098
496,0.42219552538635313,0.9548463590554293
497,0.42174658348317606,0.9546981523564865
498,0.4218504519705024,0.9545993478905247
499,0.4217632382209506,0.9541053255607154
500,0.4222567443337671,0.9538583143958107
