# Configuration:

dataset name: mnist
model name: softmax classification with MLP
num_clients: 100
participation_rate: 0.1
num_classes: 10
numLocalEpochs: 5
learning_rate: 0.01
lambda: 0.01
mu: 0.0
num_classes: 10
# Results:

round,obj,test
1,2.531633785886942,0.2434
2,2.369645062472247,0.3982
3,2.202128070563116,0.5126
4,2.0476852334836253,0.5853
5,1.9126930267775457,0.6459
6,1.7969313327262415,0.6873
7,1.7009544054864847,0.7119
8,1.61735851006089,0.7342
9,1.5445818145437835,0.7485
10,1.4825714783546444,0.7655
11,1.4279403443238754,0.7772
12,1.37875972542047,0.7851
13,1.3359261092292467,0.7935
14,1.2982845501144527,0.8016
15,1.2644289425652102,0.8088
16,1.2340106554048407,0.8133
17,1.2071199288878953,0.8216
18,1.1823541697699418,0.8248
19,1.1607806331267576,0.8319
20,1.1397198581363825,0.8347
21,1.1213205296580997,0.8374
22,1.104027032440885,0.8428
23,1.0881214516159565,0.8468
24,1.0744644856430678,0.8482
25,1.0606739177781777,0.8522
26,1.0481695452901343,0.854
27,1.0365411158491191,0.8557
28,1.0250017858237501,0.858
29,1.0148927585726901,0.8594
30,1.0052837346289283,0.8622
31,0.9964527518980127,0.8654
32,0.9879332763312026,0.866
33,0.9797050964182277,0.867
34,0.9718162885882382,0.8684
35,0.9643730413381444,0.8703
36,0.9576225309774556,0.8708
37,0.9510334149875865,0.8731
38,0.9444331367027893,0.8745
39,0.9384850363451793,0.8746
40,0.9322100499434336,0.876
41,0.926780692000374,0.877
42,0.9214023333707069,0.8783
43,0.916262662714991,0.8792
44,0.911325873472142,0.8797
45,0.9066677365454375,0.8818
46,0.9023329289311015,0.8816
47,0.8978853866718447,0.8821
48,0.8936186337468502,0.8833
49,0.8894092593720638,0.884
50,0.885858214796044,0.8846
51,0.8817390662992423,0.8852
52,0.8779897885897772,0.8868
53,0.8744034149445012,0.8875
54,0.8713162506358186,0.8881
55,0.8678006678291855,0.8887
56,0.8642190474780536,0.8893
57,0.8609511194553544,0.8893
58,0.8578557822460314,0.89
59,0.8549741887441302,0.8913
60,0.8518513058840046,0.8919
61,0.8490861989860908,0.8908
62,0.8463947677109132,0.8926
63,0.8436442545358468,0.8917
64,0.8405925544823272,0.8934
65,0.8383795615418956,0.8932
66,0.8357215942941686,0.8952
67,0.8330268071061165,0.8944
68,0.8303212173337107,0.895
69,0.8280383496137586,0.8951
70,0.8256269864345614,0.8951
71,0.8230090021292389,0.8969
72,0.8210748868685338,0.8969
73,0.8187043591305754,0.8965
74,0.8164432604966105,0.8975
75,0.8139320127164432,0.898
76,0.811689801075056,0.8984
77,0.8100484357358841,0.8981
78,0.8079340995025464,0.8978
79,0.8057969018494789,0.8997
80,0.8037765291434059,0.8999
81,0.8022097378838087,0.9009
82,0.8000226492571213,0.8998
83,0.7984272311448689,0.9017
84,0.7963555616162336,0.9004
85,0.7945545869812721,0.9009
86,0.7925159619423361,0.9011
87,0.7907760540960316,0.9019
88,0.7894266957362546,0.9005
89,0.7872169388412787,0.9016
90,0.785786327530784,0.9015
91,0.7840704263445143,0.9031
92,0.7825319158515128,0.9022
93,0.7812232284086049,0.9016
94,0.7791772829959096,0.9021
95,0.7773374871700326,0.9025
96,0.775852552547049,0.9037
97,0.7744435276038373,0.9034
98,0.7728707138951594,0.9045
99,0.7713051381340379,0.9035
100,0.7697151367654211,0.9047
101,0.7682338501531095,0.903
102,0.7666353546452392,0.904
103,0.7654521801032326,0.9043
104,0.7636238760231001,0.9052
105,0.7622380944213677,0.9056
106,0.7607985556801189,0.9048
107,0.7594045225301219,0.9046
108,0.7577606690961112,0.9057
109,0.7565181275256878,0.9059
110,0.7551691746772813,0.9051
111,0.753963311285903,0.9054
112,0.752534778552381,0.9067
113,0.7511246766286173,0.9061
114,0.7499105142804451,0.9067
115,0.7486805528435121,0.9063
116,0.7470557562249431,0.907
117,0.7458826126879814,0.9064
118,0.7445407679876678,0.907
119,0.7432591825440474,0.9071
120,0.7423058400003578,0.9077
121,0.7409152877038934,0.9073
122,0.7395828448594258,0.9079
123,0.7386780711589538,0.908
124,0.7372530299339655,0.9082
125,0.73598049947079,0.9084
126,0.7348883313573297,0.9076
127,0.734087330268527,0.9074
128,0.7325651151352462,0.9083
129,0.7312140407511807,0.9085
130,0.730172074702075,0.9081
131,0.7288907691822146,0.9088
132,0.7282318428568073,0.9076
133,0.7271257318918404,0.9088
134,0.726160374888523,0.9085
135,0.7252094198937009,0.9083
136,0.7237625570418477,0.909
137,0.7226882859877584,0.9092
138,0.7213983297092798,0.9088
139,0.720321936377726,0.9092
140,0.7194838418576951,0.909
141,0.7184973364791756,0.9093
142,0.7174059051774881,0.909
143,0.7163042347623535,0.9095
144,0.714982181322422,0.91
145,0.7142584370753547,0.91
146,0.7130020749984107,0.9101
147,0.7121354047477739,0.9099
148,0.7111377070221079,0.9104
149,0.710264494761622,0.9104
150,0.7091599671882434,0.9103
151,0.7083298303696363,0.9094
152,0.7072646257563217,0.9101
153,0.706224884243975,0.9108
154,0.7054672830321198,0.9098
155,0.7043949686449763,0.9104
156,0.7035290201826195,0.9106
157,0.7024940424402317,0.9113
158,0.701586302684477,0.9112
159,0.7007809434881549,0.9109
160,0.6998875876358579,0.9108
161,0.6991053537972973,0.911
162,0.6979517372078129,0.9112
163,0.6969759403166188,0.9116
164,0.6963470972958858,0.9113
165,0.69544976746307,0.9115
166,0.6947183274936463,0.9118
167,0.6939385022665471,0.9119
168,0.6928902791036282,0.9115
169,0.6921376976979062,0.9126
170,0.6916902082964047,0.9116
171,0.6905697487766733,0.9119
172,0.6897872224319507,0.9124
173,0.6887946299746058,0.9118
174,0.6877984227720102,0.9121
175,0.6872469494828803,0.9118
176,0.6861530854728681,0.9126
177,0.685364849349566,0.9124
178,0.6844774450945518,0.9126
179,0.6840258673906405,0.9134
180,0.6833347405539553,0.9123
181,0.6823149767616772,0.9126
182,0.681554151992573,0.912
183,0.6804997286994937,0.9123
184,0.6799592667016289,0.9124
185,0.6790207984658019,0.9128
186,0.6783374257620609,0.9131
187,0.6777394058247617,0.9133
188,0.6768481672154509,0.9127
189,0.6762245037622597,0.9123
190,0.6753374568394861,0.9126
191,0.6745820490373707,0.9128
192,0.6739702441072839,0.9121
193,0.6732790460464387,0.9121
194,0.6724246948397903,0.9125
195,0.6717038606802261,0.913
196,0.6709149233446936,0.9131
197,0.6702453225854743,0.9136
198,0.6695828874164585,0.9127
199,0.6687707778618794,0.9134
200,0.6680403172784366,0.9128
201,0.6674435290715375,0.9131
202,0.6666446356871029,0.9138
203,0.6660320458717086,0.914
204,0.6652086628461661,0.913
205,0.6647537067519722,0.9122
206,0.6638827885914664,0.9137
207,0.6632033148205331,0.9139
208,0.6627873176178168,0.9139
209,0.661957463642695,0.9138
210,0.6614193341565712,0.9128
211,0.660594006675283,0.9127
212,0.660051122562084,0.9146
213,0.659256369526554,0.9138
214,0.6586914591342278,0.9139
215,0.6581518541363736,0.9148
216,0.6574185073909669,0.9136
217,0.6568314347347269,0.9134
218,0.6564477738638811,0.9132
219,0.6557132729050921,0.9141
220,0.655072747593184,0.9136
221,0.6542360213001566,0.9146
222,0.6538137680934414,0.9152
223,0.6529648958826725,0.9145
224,0.6524489803355237,0.9142
225,0.6518160562686335,0.915
226,0.6511309702250945,0.9146
227,0.6504322809268952,0.9143
228,0.6498879542441786,0.9149
229,0.6495985051408071,0.9152
230,0.649177184414244,0.9149
231,0.6484920113614567,0.9157
232,0.6475955852597096,0.9147
233,0.6471800999163749,0.9141
234,0.6464283441877534,0.9154
235,0.6460923824766734,0.9142
236,0.6453611615620077,0.9145
237,0.6450495026361474,0.9156
238,0.6443110841204818,0.9157
239,0.6439467020078177,0.9154
240,0.6433469277267408,0.9152
241,0.6425991641204531,0.9148
242,0.6419791708634701,0.9154
243,0.641472079144686,0.9156
244,0.6413504887848432,0.9153
245,0.6406075190828688,0.915
246,0.6402249924006048,0.9159
247,0.6399442891691391,0.9158
248,0.6393350462560058,0.9155
249,0.63824360363785,0.9159
250,0.6377732657736122,0.916
251,0.6373999718562842,0.9154
252,0.636705543329536,0.9157
253,0.6362103763465778,0.9146
254,0.6357003415482554,0.9152
255,0.6356138573909672,0.9159
256,0.6349058462443761,0.9162
257,0.6342159267710425,0.916
258,0.633657436654485,0.9159
259,0.633461265806431,0.9147
260,0.6326652261432554,0.9153
261,0.6322678511609172,0.916
262,0.6318146851273794,0.9149
263,0.6311685332620917,0.916
264,0.6307254968727081,0.9155
265,0.6303968537741976,0.9154
266,0.6299533758349252,0.9161
267,0.6296355602834546,0.9154
268,0.628933388286251,0.9153
269,0.6282425356829945,0.9163
270,0.6278527585400918,0.9165
271,0.6274930192148032,0.9154
272,0.6269623093230831,0.9163
273,0.6265613707714716,0.9161
274,0.6262536316428386,0.9165
275,0.6259670955632,0.915
276,0.6252760194488913,0.9153
277,0.6248945474424326,0.9147
278,0.624507627158634,0.9162
279,0.6240776320464286,0.9154
280,0.6233559700416781,0.9167
281,0.6228713191599293,0.9165
282,0.6226950092035403,0.917
283,0.6222493114740756,0.9157
284,0.6218261524459829,0.9156
285,0.6215764782602774,0.9163
286,0.621088144095302,0.9157
287,0.6206989661624057,0.9163
288,0.6201273672477537,0.9154
289,0.6194524044252311,0.9164
290,0.6191439137779349,0.9169
291,0.6186827932880352,0.9158
292,0.6185683567208169,0.9157
293,0.6179024228776122,0.9173
294,0.6177705574209463,0.9169
295,0.6171407387773513,0.9162
296,0.6165000420490279,0.9167
297,0.6161019192008365,0.9156
298,0.6157518827599533,0.9165
299,0.6154655660816439,0.9149
300,0.6150727183768474,0.916
301,0.6146295004508213,0.9171
302,0.6142642317209602,0.9176
303,0.6137423107885137,0.9177
304,0.613507496525669,0.917
305,0.6130954448539746,0.917
306,0.6128229081102619,0.9169
307,0.6122358040220249,0.917
308,0.6122089818263388,0.9166
309,0.6114290017698746,0.9164
310,0.6113110144958922,0.9165
311,0.610545630932927,0.9173
312,0.6102622108564733,0.9171
313,0.6098137293177373,0.9175
314,0.6096544852214428,0.9178
315,0.6091297941099509,0.9174
316,0.6089120292776635,0.917
317,0.6086187810453146,0.9175
318,0.6082165103993264,0.9173
319,0.6079330594252419,0.9176
320,0.6075228683978292,0.9173
321,0.606986236579677,0.9177
322,0.6067255119218729,0.9164
323,0.6063938435536704,0.917
324,0.6058079358591049,0.9174
325,0.6056244689485353,0.9176
326,0.605171347516646,0.9177
327,0.6047900500227097,0.9176
328,0.6044526338001778,0.918
329,0.604033880171072,0.9175
330,0.6039350312744147,0.9182
331,0.6036070693924654,0.9176
332,0.6032388621544895,0.9174
333,0.6030260936517804,0.918
334,0.6023968633964614,0.918
335,0.6021138245665328,0.9177
336,0.6018468713326522,0.9167
337,0.6013784644252206,0.9182
338,0.6011359694546489,0.9178
339,0.6008326654884784,0.9176
340,0.6005676819381892,0.9176
341,0.6005079614789511,0.9172
342,0.6000981248447038,0.917
343,0.5995269946134502,0.9176
344,0.5993788077442912,0.9186
345,0.5992239014595251,0.9174
346,0.598708240971047,0.9181
347,0.5981290460180968,0.9183
348,0.5979256151869445,0.9183
349,0.5974543063371538,0.9178
350,0.597204243521695,0.9184
351,0.5968925751131329,0.9181
352,0.5966271448099034,0.9185
353,0.5962618255827623,0.9184
354,0.5960422597670312,0.9184
355,0.5957204894634921,0.918
356,0.5954722374390208,0.9189
357,0.5951204637955252,0.9184
358,0.5951584259685699,0.9184
359,0.5945149138579346,0.9183
360,0.594488397907467,0.9175
361,0.5939879272991412,0.9179
362,0.5936850248493108,0.9186
363,0.5936513117849415,0.9178
364,0.5931037677408242,0.9181
365,0.592785420366191,0.9183
366,0.5925444277276297,0.9188
367,0.5922306750277617,0.9188
368,0.5920255982539497,0.9191
369,0.5917120742028166,0.9191
370,0.5916768448311783,0.9184
371,0.5912561770384541,0.9184
372,0.590876123835374,0.9178
373,0.5906375166708723,0.9183
374,0.5903378723560117,0.9186
375,0.5899910735594733,0.9193
376,0.5896844212666943,0.9184
377,0.58940312364418,0.9186
378,0.5892028888842091,0.9181
379,0.5890783398869742,0.9184
380,0.5885963415042071,0.9192
381,0.5886602471223411,0.9186
382,0.5879894922848197,0.9193
383,0.5877574150386627,0.9193
384,0.5876973341117254,0.9185
385,0.5875528318436556,0.9189
386,0.587159161503126,0.9188
387,0.5867573257887093,0.9186
388,0.5864843325644,0.9188
389,0.5862675526371199,0.9186
390,0.5862457636414143,0.9193
391,0.5857957521935631,0.9189
392,0.5854056411871128,0.9186
393,0.5851462251249282,0.9187
394,0.5848945512990725,0.9187
395,0.5847247892159921,0.919
396,0.5845431734882818,0.9189
397,0.5843798987393976,0.9185
398,0.5846182863662991,0.9178
399,0.5839116601644129,0.9185
400,0.5834557071019936,0.9189
401,0.5832494686364273,0.9184
402,0.5830385744116651,0.9179
403,0.5827854197717334,0.9197
404,0.5824883073363523,0.919
405,0.5826514004210922,0.9182
406,0.5819631001898499,0.9196
407,0.5817397056791924,0.9197
408,0.5815904296728099,0.9196
409,0.5814990805532381,0.919
410,0.5811458122367743,0.9196
411,0.5811750244309907,0.9199
412,0.5806268664336686,0.9192
413,0.5805671421374095,0.9193
414,0.5801584047136072,0.9204
415,0.5800925469698932,0.9197
416,0.5797916929451444,0.9189
417,0.5796939013314798,0.919
418,0.579521619870931,0.9191
419,0.5791003432504439,0.9201
420,0.5788872899122108,0.9197
421,0.5788933641738202,0.9191
422,0.5783479221378544,0.92
423,0.5781190351269258,0.92
424,0.5778465047876903,0.9199
425,0.5777013689099328,0.92
426,0.5774508043881065,0.9191
427,0.5772341455220031,0.9196
428,0.5771146933797741,0.9206
429,0.5768949714839013,0.9204
430,0.5766114668522918,0.9199
431,0.5764671660145327,0.9201
432,0.5762699063914805,0.9202
433,0.5760656014630613,0.9196
434,0.5757458762279349,0.9192
435,0.575974129163138,0.9196
436,0.5752543335100354,0.9194
437,0.5752325524626377,0.9194
438,0.5749066099803289,0.92
439,0.574728994299606,0.9207
440,0.5744696872438172,0.9199
441,0.5744569861472372,0.9203
442,0.5741680736264124,0.9195
443,0.5738568706650058,0.9206
444,0.5737513693978193,0.9205
445,0.5735225367487641,0.9197
446,0.5733384832660713,0.9201
447,0.5733431525498939,0.9195
448,0.5731124778329021,0.9195
449,0.5727767889136248,0.919
450,0.5725165173027167,0.9196
451,0.5722360362484307,0.9195
452,0.5721599446541024,0.9203
453,0.571919213432556,0.9196
454,0.5719318793849936,0.9198
455,0.5717887574534861,0.9197
456,0.5715431629767367,0.9191
457,0.5711814502841132,0.9194
458,0.5713700967155046,0.92
459,0.5709088505105835,0.9198
460,0.5705602395634527,0.9198
461,0.5705263430076076,0.9208
462,0.5701981071077171,0.9197
463,0.5699759894781482,0.9201
464,0.5699786267308821,0.9199
465,0.5696364454338507,0.9203
466,0.5698702089735334,0.9199
467,0.569460636582623,0.9206
468,0.5692947840785906,0.9206
469,0.569094380494416,0.9206
470,0.5688681299644935,0.9203
471,0.5687199405969525,0.9205
472,0.5687790136195465,0.9206
473,0.5682673732384415,0.921
474,0.5681644469174421,0.9212
475,0.5680587456668672,0.9215
476,0.5680822124958156,0.921
477,0.5677145623063903,0.9206
478,0.5676141467731042,0.9214
479,0.5673420268224582,0.9207
480,0.5671796950484395,0.9196
481,0.5669966936546816,0.9197
482,0.56679302182508,0.9201
483,0.5666852532743339,0.9196
484,0.5665616691737728,0.92
485,0.5664995726018149,0.9202
486,0.5663023735410287,0.9208
487,0.5663282678002973,0.9194
488,0.5662207611567593,0.9193
489,0.5657719758299115,0.9198
490,0.565611406378463,0.9198
491,0.5653241914147409,0.9204
492,0.5655364705720514,0.9206
493,0.56520715369518,0.921
494,0.5651488276281769,0.9206
495,0.5649732688150939,0.9206
496,0.5644869673333052,0.9208
497,0.5644410532565499,0.9206
498,0.5642548708370134,0.9206
499,0.5640524860479651,0.9201
500,0.563912678261624,0.9209
