# Configuration:

dataset name: mnist
model name: softmax classification with MLP
num_clients: 100
learning_rate: 0.01
participation_rate: 0.05
num_classes: 10
lambda: 0.01
num_classes: 10
# Results:

round,obj,test
1,0.8302072494525831,0.8698
2,0.6806896198376042,0.8874
3,0.6413235912686819,0.8949
4,0.6169963307683587,0.9017
5,0.6015396972204023,0.9041
6,0.5979459447949744,0.9039
7,0.5952865200184456,0.904
8,0.5932452269765055,0.9022
9,0.5840623240289622,0.9073
10,0.5841009326180845,0.9067
11,0.5796153626122738,0.907
12,0.575079123925335,0.9085
13,0.5799582224410185,0.9071
14,0.5760593598098542,0.911
15,0.5778153441183994,0.909
16,0.5717516815926125,0.9086
17,0.5716521835019199,0.9105
18,0.5711464021658479,0.9113
19,0.5702008025452887,0.9083
20,0.5616176725570661,0.9139
21,0.5693293067418036,0.9105
22,0.5604079804514623,0.9133
23,0.5602602919493506,0.9121
24,0.5609732326448241,0.9129
25,0.5603531734445075,0.9153
26,0.554693270262795,0.9154
27,0.5585534905278772,0.9146
28,0.56154272850724,0.9113
29,0.5556902615721944,0.9134
30,0.5539480853658635,0.9162
31,0.5534266822024042,0.9157
32,0.5508532280722588,0.9176
33,0.555162774739939,0.9151
34,0.5482264489911496,0.9191
35,0.5522269705704025,0.9156
36,0.5491066474646704,0.9172
37,0.550262013060453,0.9154
38,0.5524062027939413,0.9141
39,0.5464496041742479,0.9166
40,0.5479513756504485,0.9177
41,0.5470626641446787,0.9181
42,0.5513310092088364,0.9154
43,0.5485683319018073,0.9168
44,0.5461930392852761,0.9152
45,0.5435506318016525,0.9197
46,0.5462450876743191,0.9167
47,0.5409193251940692,0.9207
48,0.5457830303977866,0.9192
49,0.5475777845271048,0.917
50,0.546798450472673,0.9174
51,0.5437450804599616,0.919
52,0.5416300484980822,0.9204
53,0.5410271233592394,0.9197
54,0.5376810868027279,0.921
55,0.5394500471185616,0.9205
56,0.5405807693550755,0.921
57,0.5422226373044156,0.9193
58,0.5373355157555765,0.9225
59,0.5375022310298604,0.9206
60,0.5375326620118684,0.9199
61,0.5367677165406085,0.9237
62,0.5403288351195323,0.9204
63,0.5388555090856851,0.9221
64,0.5352792544732169,0.9219
65,0.5395767983158227,0.9197
66,0.5390513626091923,0.9192
67,0.5355422297366956,0.9243
68,0.5347229404511724,0.9234
69,0.532685900314975,0.9252
70,0.5305279051775292,0.9265
71,0.5323114841364588,0.9249
72,0.5352795844040108,0.9234
73,0.5331669180838451,0.9223
74,0.5328924997075093,0.9225
75,0.5345647552202195,0.923
76,0.5280698902724984,0.9266
77,0.5309869239197738,0.9251
78,0.5305909186791131,0.9247
79,0.528985871039312,0.9259
80,0.5331312265940552,0.9236
81,0.5271554431962455,0.9251
82,0.5277507862298848,0.9269
83,0.5309095857841801,0.9224
84,0.5268315910299014,0.9283
85,0.527037627480583,0.9282
86,0.5253520137119267,0.9249
87,0.5268983116390614,0.9263
88,0.5323233122961613,0.9234
89,0.52464969050342,0.9263
90,0.5263410051141849,0.9245
91,0.5241681874097518,0.9267
92,0.5262378071424624,0.927
93,0.5216843517695925,0.9279
94,0.5263682465207663,0.9238
95,0.5265037390841378,0.9255
96,0.5252970895137917,0.9253
97,0.5291516722697812,0.9237
98,0.5234622396782971,0.9262
99,0.5277888092910563,0.9223
100,0.5278780478171405,0.9229
101,0.5244045894323097,0.9256
102,0.524328880868551,0.9277
103,0.523252838989416,0.9277
104,0.5224366094466909,0.9278
105,0.5257156938925319,0.9271
106,0.526791289932828,0.9233
107,0.526132363039491,0.9257
108,0.5228822229380303,0.9254
109,0.5220162603429722,0.9275
110,0.5240663927100846,0.9283
111,0.5219243935963049,0.9263
112,0.523870479532329,0.9257
113,0.5229028752879418,0.9255
114,0.5239860449403966,0.9252
115,0.52476418850736,0.9271
116,0.5220189746826392,0.9276
117,0.524327358821729,0.9242
118,0.5232697894146828,0.9277
119,0.5228036575317505,0.9275
120,0.5211191879564727,0.928
121,0.5204312664612915,0.9273
122,0.5210587386275417,0.9272
123,0.5209857962588096,0.928
124,0.5203992922382606,0.9275
125,0.5202503919531014,0.9301
126,0.522608740522232,0.9288
127,0.5221869199987689,0.9285
128,0.5210211256218463,0.9275
129,0.5222240881515564,0.9267
130,0.522369299366998,0.9263
131,0.5208384208529555,0.9273
132,0.5208559809585297,0.9267
133,0.5236652375013331,0.9248
134,0.5250730381408745,0.9269
135,0.523783329505807,0.9275
136,0.5223090270762158,0.9265
137,0.5235065654471223,0.9247
138,0.5247207705561218,0.9263
139,0.5190039447021766,0.9271
140,0.5218547002375101,0.9258
141,0.5206789221031008,0.9278
142,0.520782681858503,0.9266
143,0.5207297417578278,0.928
144,0.5203892316082982,0.9279
145,0.5217033951752832,0.9275
146,0.5196793921132439,0.9293
147,0.5231340877567358,0.9273
148,0.5209828594243104,0.9269
149,0.520636817331339,0.9296
150,0.5202833690906246,0.9289
151,0.5240767831259505,0.9248
152,0.5244713880985927,0.9252
153,0.5228428514736795,0.9261
154,0.5223846727729179,0.9269
155,0.522685299945577,0.9283
156,0.5217832354305592,0.9275
157,0.5225558198275306,0.9273
158,0.5208401373367816,0.9283
159,0.5231633496450483,0.9251
160,0.520088819242983,0.9263
161,0.5195040980580082,0.9288
162,0.5220225510548577,0.9271
163,0.5181617085277664,0.929
164,0.5215778611398947,0.9263
165,0.5197486738660739,0.9267
166,0.5214020435927801,0.9282
167,0.5179122468883762,0.9281
168,0.521683489035797,0.9257
169,0.5194954556204238,0.9287
170,0.5185383857202484,0.929
171,0.5196218986006981,0.9285
172,0.5188662396684365,0.9283
173,0.5210471138419854,0.9312
174,0.5199764826792217,0.9296
175,0.5197694770776355,0.9282
176,0.5211516164001007,0.9268
177,0.5206353847135785,0.9284
178,0.5203626885026145,0.9295
179,0.5179189718952195,0.9317
180,0.5198735318774317,0.9287
181,0.5193011828784927,0.9278
182,0.5184016961862538,0.9321
183,0.520616724931462,0.9286
184,0.5205623291272583,0.9282
185,0.5202626785649445,0.928
186,0.5206567062138755,0.9286
187,0.5181624389421248,0.9302
188,0.5255771418615935,0.9253
189,0.5176563671597906,0.9296
190,0.5198608609059455,0.9297
191,0.5188682453757661,0.9287
192,0.5189077274402876,0.9309
193,0.5200139520461975,0.9281
194,0.5178775894825117,0.9306
195,0.5197235822750451,0.9296
196,0.5192451498262725,0.9299
197,0.5207031217673729,0.9284
198,0.5198245804959062,0.9295
199,0.5202333074417587,0.9301
200,0.520698975262439,0.9289
201,0.5198119142981785,0.9287
202,0.5206471358834548,0.9282
203,0.523180038203543,0.9278
204,0.5185011843017779,0.9313
205,0.5238747907563281,0.9271
206,0.5222855715942453,0.9271
207,0.5202203099261193,0.9256
208,0.5193173068760172,0.932
209,0.5189791165051671,0.9294
210,0.5241188565897983,0.9269
211,0.5200512327545553,0.9288
212,0.5184915546037788,0.9298
213,0.5218403673213731,0.9271
214,0.5198015736452499,0.9287
215,0.5199283398142888,0.9282
216,0.5212254327972665,0.9295
217,0.5233400031718909,0.928
218,0.5206447502902876,0.9276
219,0.5236347815059467,0.9279
220,0.5218520151047472,0.9299
221,0.5226291724913127,0.9295
222,0.5217215081285834,0.9283
223,0.5235252585500048,0.9288
224,0.5180162111607571,0.9306
225,0.5195570952154774,0.9308
226,0.5200456556357355,0.9295
227,0.5214437090329638,0.9275
228,0.5187634772218316,0.932
229,0.5190611211815247,0.9323
230,0.5196543287315859,0.9298
231,0.5191971204993736,0.93
232,0.5194711911452621,0.9291
233,0.5214166364245705,0.9296
234,0.5206964069891556,0.9298
235,0.5203080170845895,0.931
236,0.5192131018483823,0.9322
237,0.5229345241853232,0.93
238,0.5216369426847124,0.9294
239,0.5262190678128698,0.9279
240,0.5222211571610942,0.9312
241,0.5223734847257938,0.9286
242,0.5196598228655434,0.9307
243,0.5202814756600331,0.9309
244,0.5235375656610601,0.9282
245,0.522999177629847,0.9295
246,0.5212049119103894,0.9316
247,0.5232277506535464,0.9303
248,0.5197716644950825,0.9307
249,0.522288467566259,0.9294
250,0.5204261599460371,0.9299
251,0.525664061522896,0.9285
252,0.5247419454462366,0.9305
253,0.520968017821364,0.9302
254,0.5254428864713366,0.9289
255,0.5222130154377416,0.9301
256,0.5226746958521721,0.9279
257,0.5242145217513715,0.9277
258,0.5233865500727112,0.9292
259,0.5224572784284319,0.9292
260,0.5200370495473793,0.9331
261,0.5194639286981316,0.9298
262,0.5207865002155673,0.9297
263,0.5221865876155741,0.9292
264,0.5239276221366088,0.9276
265,0.5226784912008812,0.9289
266,0.5233515836908829,0.9309
267,0.5228353281249434,0.9295
268,0.5236428310209809,0.9301
269,0.5221034375308096,0.9297
270,0.5232187917808436,0.929
271,0.5249691683182616,0.9298
272,0.5224307641127843,0.9307
273,0.5239513265166047,0.9271
274,0.5238665805512261,0.9285
275,0.524504133482439,0.9304
276,0.5246065883476702,0.9295
277,0.5248321369296265,0.9281
278,0.5258347867605413,0.9266
279,0.5248484754733567,0.9292
280,0.5245372547280999,0.9274
281,0.5236354856789898,0.9299
282,0.5222686808851914,0.9315
283,0.5233978892680929,0.9289
284,0.5239912204919871,0.9296
285,0.5278827264846809,0.9262
286,0.523872932151822,0.9301
287,0.523089397262747,0.9292
288,0.5245817582294378,0.9295
289,0.5240799892421462,0.928
290,0.5250545253108545,0.9288
291,0.5236419594921768,0.9294
292,0.5248239107996755,0.9282
293,0.525193941810517,0.9288
294,0.5238944135831698,0.93
295,0.5256796406674948,0.9279
296,0.5234208462763639,0.9319
297,0.5278387461844485,0.9294
298,0.528832726207088,0.9287
299,0.5274178368543931,0.9279
300,0.526136646974322,0.9289
301,0.5265878144358557,0.9287
302,0.5243172362499893,0.9316
303,0.527263360045585,0.9296
304,0.5261023187960548,0.9305
305,0.5262829302778129,0.929
306,0.5242142098628458,0.9317
307,0.5250025076773086,0.9294
308,0.5233083177022195,0.9304
309,0.5269116734709017,0.9299
310,0.5275611775486686,0.9276
311,0.5255307607484309,0.9282
312,0.5257886360896813,0.9299
313,0.5241749269811847,0.9294
314,0.5244355699513064,0.931
315,0.527973194149709,0.9294
316,0.5287214045606661,0.9268
317,0.5252981335272208,0.9291
318,0.5307737945425213,0.9251
319,0.5286995864629609,0.927
320,0.5283000679034032,0.927
321,0.5281113364630288,0.9297
322,0.5243093710245128,0.9293
323,0.5247683737602898,0.9304
324,0.5232111584745894,0.9328
325,0.5294132779257859,0.9258
326,0.5267500850925964,0.9289
327,0.5290770952097879,0.9273
328,0.5253702469048801,0.9281
329,0.5249619169385384,0.9296
330,0.5281064517338872,0.9276
331,0.5261770706602098,0.9302
332,0.5244496668408848,0.9322
333,0.5252515911941751,0.9298
334,0.5240057805818258,0.9302
335,0.5238981905358013,0.9302
336,0.526309916969196,0.9283
337,0.5230494259461547,0.9306
338,0.5254030393850596,0.9275
339,0.5228771519972696,0.9298
340,0.524861213094163,0.93
341,0.5243083434299226,0.9306
342,0.5247488985483172,0.93
343,0.5232449222690613,0.931
344,0.5266987735296949,0.9271
345,0.5263373064165948,0.9271
346,0.5274025134311653,0.9264
347,0.5267316693018429,0.9286
348,0.5240922974360673,0.9284
349,0.52631958709676,0.9267
350,0.5257525197774632,0.9271
351,0.5247803520972801,0.9295
352,0.525155698263124,0.9278
353,0.5257619432904317,0.9254
354,0.5260832633420066,0.9273
355,0.5274665259661715,0.9263
356,0.5266512266189871,0.9273
357,0.5268731276407871,0.9268
358,0.5244460346838535,0.9274
359,0.5253221902741649,0.9266
360,0.5256748168375585,0.9265
361,0.523391982825672,0.9283
362,0.5230823696051604,0.9292
363,0.5246844533853813,0.9291
364,0.5267130379987409,0.927
365,0.5254551358385866,0.9288
366,0.5277526565767311,0.9284
367,0.5274755314314944,0.9272
368,0.5279188694278345,0.926
369,0.5259722380289785,0.9268
370,0.5258924252284163,0.9285
371,0.5305633468116885,0.9249
372,0.5282291922041773,0.9276
373,0.5287983961440853,0.9262
374,0.5275500347345211,0.9255
375,0.528424455008898,0.9239
376,0.5250531140338883,0.9278
377,0.526672250121687,0.9278
378,0.5256845430089243,0.9279
379,0.524254048055918,0.9304
380,0.5238537488291288,0.9294
381,0.5243092900720259,0.9308
382,0.5297641727158924,0.9275
383,0.5255676662579605,0.9285
384,0.5269866373862098,0.9273
385,0.5267219371785634,0.927
386,0.529379971059082,0.9267
387,0.5257276825806231,0.9273
388,0.5265434815725256,0.9276
389,0.5272711182213818,0.9263
390,0.524518941058425,0.9273
391,0.5263050985637456,0.9273
392,0.528363761404477,0.9255
393,0.5242619138651194,0.929
394,0.5286261410016039,0.9282
395,0.5314254827380095,0.9264
396,0.5301264610397611,0.9243
397,0.5278911781831195,0.9253
398,0.5269767542974569,0.9266
399,0.5273231807255058,0.9274
400,0.5251274189588994,0.9256
401,0.5282462035886167,0.929
402,0.5311405751020681,0.926
403,0.5284837657668849,0.9273
404,0.5299195899050226,0.9264
405,0.5263345107500483,0.9273
406,0.5234132204522224,0.9284
407,0.5248824457334429,0.9281
408,0.5285246133101482,0.927
409,0.527851549463408,0.9246
410,0.5339393419615364,0.9244
411,0.5279186367036054,0.9262
412,0.5286635674817234,0.9258
413,0.5303522449279194,0.9244
414,0.526315368390962,0.926
415,0.5270467168514932,0.9245
416,0.5288463710938608,0.9266
417,0.5293422243586879,0.9261
418,0.5273751004038081,0.9262
419,0.5328730667730913,0.9234
420,0.5302863349407642,0.924
421,0.5329575427525108,0.924
422,0.5280150972785606,0.9251
423,0.5284960687686152,0.9253
424,0.52980078640601,0.9269
425,0.5270136909785055,0.9249
426,0.5324272641404111,0.9242
427,0.5326678401133211,0.9263
428,0.5318612085803073,0.9266
429,0.529955766674294,0.9278
430,0.5325014941486158,0.9268
431,0.5261577345273218,0.9257
432,0.5332676035810653,0.9259
433,0.533210501688218,0.9248
434,0.5298994499151635,0.9257
435,0.5255540679871044,0.926
436,0.5259423187324369,0.9269
437,0.5304430364061627,0.9247
438,0.5316247976077957,0.9252
439,0.526689083353946,0.925
440,0.5289532506394379,0.9257
441,0.529640997418832,0.9258
442,0.5310095782861352,0.926
443,0.5247850870250922,0.9271
444,0.5284178893520051,0.9279
445,0.5283579638469038,0.928
446,0.5283531156538795,0.9261
447,0.5250528185301653,0.9284
448,0.5255497683345371,0.9275
449,0.5256005109971296,0.9278
450,0.5270614357117912,0.9257
451,0.5268615255055594,0.9277
452,0.5291701973197991,0.9252
453,0.5265938687087156,0.9276
454,0.5299165468688538,0.9261
455,0.5260052482855544,0.9274
456,0.5287912702136569,0.9254
457,0.5265684967936378,0.9256
458,0.5248447985047071,0.9259
459,0.5313069417661441,0.9223
460,0.5263763030643402,0.9246
461,0.5299635881801714,0.9242
462,0.5254699397660328,0.9292
463,0.5276061147309165,0.9285
464,0.5293066429973465,0.9247
465,0.528371685578365,0.9264
466,0.5282933989537267,0.9262
467,0.5329814962960827,0.925
468,0.5280290212669975,0.9264
469,0.5320240113264547,0.9249
470,0.5298490412535626,0.9253
471,0.5294046479875375,0.9279
472,0.5289613046705022,0.9273
473,0.5275035331894153,0.9274
474,0.5288702251857912,0.9272
475,0.5286786872928653,0.9258
476,0.5327153765525192,0.9232
477,0.5292370786767236,0.9251
478,0.5277032134074467,0.9248
479,0.5238142310073896,0.9283
480,0.531406261173992,0.9236
481,0.5296911857355787,0.9251
482,0.5280190017383789,0.9264
483,0.5290650342740539,0.9253
484,0.5281210882300196,0.9258
485,0.5289125322171143,0.9254
486,0.5244192675686394,0.9266
487,0.5279051036619915,0.9247
488,0.526808359688924,0.9282
489,0.5298165065770383,0.9244
490,0.5274994423845402,0.9268
491,0.5251600979477768,0.9273
492,0.5279840371251522,0.9256
493,0.5275378563972173,0.9265
494,0.524477340402657,0.9269
495,0.5284233328020126,0.9263
496,0.5235026448722376,0.9276
497,0.5279236979212686,0.9243
498,0.5272633857296204,0.9243
499,0.5268084332408339,0.9278
500,0.5272318355477753,0.925
501,0.5295958569732797,0.9251
502,0.5268616821038759,0.9267
503,0.5259203360123736,0.9268
504,0.5262561784436999,0.929
505,0.5290778555427358,0.9285
506,0.5258047796103844,0.9273
507,0.5259598660145,0.9285
508,0.5293638688865732,0.9261
509,0.5274737222521906,0.9262
510,0.5281428001225218,0.9263
511,0.5280408391608886,0.9265
512,0.5264200918218054,0.9265
513,0.5291203716791489,0.9255
514,0.528820559129775,0.9248
515,0.5287310176902101,0.9277
516,0.5235767514321826,0.928
517,0.5263562221546928,0.9283
518,0.5251583849299483,0.9289
519,0.5266322196740071,0.9273
520,0.5244004143872915,0.9296
521,0.5251295278078622,0.9296
522,0.5275729723657862,0.927
523,0.5264383653413066,0.9286
524,0.5254936372608268,0.9272
525,0.5253511784238918,0.9272
526,0.5267158673106822,0.9261
527,0.5276475275086239,0.9272
528,0.5279672379674122,0.9257
529,0.5282188696988649,0.9259
530,0.5250527799312635,0.9274
531,0.5276324697132432,0.9268
532,0.5305880239871396,0.9251
533,0.526312272920876,0.9274
534,0.5285902979973656,0.9271
535,0.5283346892469842,0.9272
536,0.5297034952588868,0.9264
537,0.528395142524647,0.9263
538,0.5257004609924262,0.9271
539,0.5310494868550568,0.9278
540,0.5241562568778405,0.9285
541,0.5305692729312069,0.9238
542,0.5257385179124471,0.9275
543,0.5265436841688488,0.9273
544,0.5291025869062627,0.9259
545,0.5258447539941311,0.9281
546,0.5285725373845147,0.9269
547,0.5253349857717696,0.9291
548,0.5285738769126921,0.9268
549,0.5283590712360633,0.9265
550,0.5266988140749201,0.9273
551,0.5302847717458092,0.925
552,0.5264851580452435,0.9277
553,0.5290203223897367,0.9281
554,0.5259191617977669,0.9292
555,0.5293334483200421,0.9275
556,0.5308177004700673,0.9256
557,0.5264496725831286,0.9282
558,0.526814214753204,0.9315
559,0.524285361224837,0.9274
560,0.5278646824461463,0.9279
561,0.5263088523474473,0.9288
562,0.5264952548645279,0.9252
563,0.5249457752429136,0.9257
564,0.524603450529143,0.9287
565,0.5277728061266538,0.9248
566,0.5264334425057501,0.928
567,0.5291660259114651,0.9253
568,0.5241433725751122,0.9268
569,0.5269858922134092,0.9292
570,0.5235497619049017,0.9302
571,0.5289474895053053,0.926
572,0.5268436774666719,0.9276
573,0.5270926592953594,0.9268
574,0.5268942948623329,0.9251
575,0.5274063933056085,0.926
576,0.5265078062399258,0.9276
577,0.5259555019718823,0.9263
578,0.5248359665954863,0.9298
579,0.5273175639947937,0.9271
580,0.5243698164194047,0.9282
581,0.5243376451242936,0.9258
582,0.5263192907211014,0.9261
583,0.5297539350932308,0.9254
584,0.5249233845800078,0.929
585,0.5266188036801674,0.9291
586,0.528116214217291,0.9288
587,0.5286081813812997,0.926
588,0.5276728901287173,0.9275
589,0.5322093693750293,0.9248
590,0.5363237934781724,0.9203
591,0.5301234345223174,0.9251
592,0.5258916518133524,0.9263
593,0.5247865849938288,0.9282
594,0.5262527585031442,0.927
595,0.5276491409766427,0.9264
596,0.5276089366178391,0.9268
597,0.5249154007375494,0.9248
598,0.5285323769755871,0.9247
599,0.5236296826422036,0.9297
600,0.5283326080854137,0.9261
601,0.527176764242734,0.9263
602,0.527760722462233,0.9268
603,0.5252488051695062,0.927
604,0.5281222731974573,0.9265
605,0.527228080195573,0.9287
606,0.5301914934305217,0.9261
607,0.5255365782966385,0.9287
608,0.5274871612759948,0.9257
609,0.5306107720951925,0.9243
610,0.5298121181243631,0.9255
611,0.531091411857168,0.9256
612,0.5301824916440442,0.9259
613,0.5276015333516776,0.927
614,0.5276595891092954,0.9261
615,0.5259175909105734,0.9276
616,0.5271707507620829,0.9268
617,0.5285200482355449,0.9278
618,0.5276309223049013,0.9261
619,0.5298777567795412,0.9283
620,0.524932281256297,0.9284
621,0.5269225584556283,0.9271
622,0.5236847879992903,0.9295
623,0.5265275356940613,0.9277
624,0.526102893492747,0.9293
625,0.5273356729057352,0.9272
626,0.5255568660790115,0.9305
627,0.528409914588672,0.9274
628,0.5263283662762221,0.9282
629,0.5242777609159064,0.9281
630,0.5277275950198813,0.9273
631,0.5239121840645408,0.9276
632,0.5266740304239428,0.9287
633,0.526240333781218,0.9278
634,0.525985764012004,0.9267
635,0.5267153351814415,0.9261
636,0.5259160535012984,0.9266
637,0.5278439291361543,0.9279
638,0.5230357241736392,0.9282
639,0.5277669659483301,0.9249
640,0.5247703047240966,0.9277
641,0.5232044257500525,0.9271
642,0.52576466053386,0.9266
643,0.5279971897463814,0.9264
644,0.5283979828701898,0.9277
645,0.5243917306390475,0.9293
646,0.5250306148505132,0.9293
647,0.5234896206050763,0.9301
648,0.5257458342608837,0.9288
649,0.5260064740201567,0.9283
650,0.5268726305130932,0.9278
651,0.526302771080157,0.9271
652,0.5260677128394907,0.9272
653,0.5264133589463272,0.9285
654,0.5281773010518644,0.9252
655,0.5242071247705942,0.9286
656,0.5253376950401961,0.9273
657,0.5246859387165443,0.9269
658,0.5270965056555802,0.9261
659,0.5232844431543482,0.9274
660,0.524839008845128,0.9279
661,0.5236967034199518,0.9286
662,0.5250618187775802,0.9285
663,0.5260221346355316,0.9281
664,0.5217351351448557,0.9303
665,0.5235975085935161,0.929
666,0.5247130812996379,0.9278
667,0.5265940655893381,0.9293
668,0.5281747925286524,0.9269
669,0.5273631424635082,0.9274
670,0.5264686948706238,0.9277
671,0.5219981336154029,0.9304
672,0.5231759411037029,0.927
673,0.5257904126183535,0.9265
674,0.5245293834884903,0.9276
675,0.5241434412869885,0.9279
676,0.5230983820685288,0.9272
677,0.5236872967292445,0.9274
678,0.5240160805847505,0.927
679,0.5235869962239874,0.9277
680,0.526139428294183,0.927
681,0.5254215362454228,0.9274
682,0.5251593891141602,0.9245
683,0.5269574928317705,0.9257
684,0.5253180891545866,0.9253
685,0.5228830181287484,0.9279
686,0.5254829561876009,0.9277
687,0.5258999642803054,0.9272
688,0.5235183678818395,0.9275
689,0.5265908592497255,0.9281
690,0.5240275025245832,0.9271
691,0.5261794403692893,0.9283
692,0.5263107728312828,0.9263
693,0.5222336008396952,0.9274
694,0.5267451726094485,0.9276
695,0.5288304415199763,0.9282
696,0.523814713599132,0.9256
697,0.5260071882835273,0.9257
698,0.5257030388327012,0.9261
699,0.5280036388964302,0.9262
700,0.522282894903799,0.9274
701,0.5255306086974694,0.9263
702,0.5257698581907921,0.9252
703,0.5256816583109902,0.9269
704,0.5269165787827663,0.9278
705,0.525842188423472,0.9278
706,0.525899846772057,0.9256
707,0.5275896226121144,0.9262
708,0.525478916988264,0.9274
709,0.5294244424899343,0.9256
710,0.5264787005631234,0.9258
711,0.5250289737028508,0.9259
712,0.5249494837152792,0.9262
713,0.5247591635320262,0.9267
714,0.5269653195066986,0.9259
715,0.5283474745187411,0.9273
716,0.5252789658792754,0.9266
717,0.5258486246690062,0.9277
718,0.5246935676486043,0.9258
719,0.5275557115013179,0.924
720,0.5250947102426823,0.9283
721,0.5307002148630374,0.9248
722,0.5257315641229626,0.9264
723,0.5270710142551087,0.9263
724,0.5323555515994177,0.9258
725,0.5263180456304761,0.9258
726,0.527345825399802,0.9292
727,0.5289722098492504,0.9292
728,0.5321537706680247,0.9275
729,0.5290960228620941,0.9275
730,0.5289987667204645,0.927
731,0.5277670712103347,0.9268
732,0.5301569908759554,0.9259
733,0.5309577258991169,0.9252
734,0.5292096613520426,0.9262
735,0.5260679504550229,0.9273
736,0.5274662149299214,0.9262
737,0.5325090176239744,0.9221
738,0.529042340277862,0.9247
739,0.530714923023933,0.9249
740,0.5310270296078347,0.9247
741,0.5312835770266614,0.9258
742,0.5308753696468498,0.9242
743,0.5290742452299317,0.9283
744,0.5245240376514246,0.9268
745,0.5281265237003709,0.9254
746,0.531181657419253,0.9255
747,0.525701746202221,0.9275
748,0.5308554169225678,0.9235
749,0.528014739983524,0.9269
750,0.5282948065945529,0.9269
751,0.529069338361655,0.9249
752,0.5276290742667457,0.9248
753,0.5282861537937117,0.9243
754,0.5351898032944467,0.9214
755,0.5264016488959742,0.9275
756,0.5268860639532216,0.9254
757,0.5280777111785002,0.9288
758,0.5287958367661602,0.9268
759,0.5285553721592444,0.925
760,0.5300267267029526,0.925
761,0.5281935667333858,0.9251
762,0.5325199829460613,0.9229
763,0.5302736543315485,0.922
764,0.5292194021767461,0.9257
765,0.5283204371969743,0.9257
766,0.5265800040009547,0.9288
767,0.5274963784432929,0.9251
768,0.529665105671855,0.9257
769,0.5277603468742622,0.9265
770,0.5257165977506034,0.9283
771,0.5260011160109588,0.9254
772,0.5284431934359286,0.9242
773,0.5246368601840953,0.9277
774,0.5251340145297824,0.9262
775,0.5269116230268275,0.9295
776,0.5270808982438774,0.926
777,0.5245690826351912,0.9274
778,0.528453634333729,0.9245
779,0.5293007692566508,0.9257
780,0.5267130828385795,0.9278
781,0.5260369173284524,0.9257
782,0.5292090253309877,0.9268
783,0.5279459873517992,0.9291
784,0.5259343413336389,0.9279
785,0.5267341699789264,0.9262
786,0.525943944423754,0.9262
787,0.5235158915449233,0.9267
788,0.523874344842582,0.9277
789,0.5249847454576784,0.9274
790,0.5264960485340231,0.9265
791,0.525113781706363,0.9288
792,0.5269983222941665,0.925
793,0.5273957100102571,0.9286
794,0.5247873851880744,0.9286
795,0.5253893522241744,0.9281
796,0.5256639793441839,0.9302
797,0.5260622973484792,0.9269
798,0.5237691478528409,0.9264
799,0.5321143082842782,0.9239
800,0.5296484938968554,0.9262
801,0.5286934037310684,0.9276
802,0.5299407238183729,0.9254
803,0.5299250040017134,0.9257
804,0.5281112755071313,0.9242
805,0.5261381887380643,0.9273
806,0.5253344632331219,0.9282
807,0.5266479269709332,0.9269
808,0.5317612377667854,0.9229
809,0.5341752345407448,0.9245
810,0.5294365149202873,0.9257
811,0.5293019133106651,0.9265
812,0.5291915508112798,0.9251
813,0.5253196355096016,0.9267
814,0.5273776986352261,0.9256
815,0.5317800055710367,0.9248
816,0.5246247911722538,0.9287
817,0.5274488869974346,0.926
818,0.5275573179852395,0.9272
819,0.5323657385587417,0.9231
820,0.5296772426196902,0.9253
821,0.5258009836581181,0.9273
822,0.5271840027559345,0.9262
823,0.5297828448866724,0.9236
824,0.5259184989032707,0.9282
825,0.5273239473276816,0.9282
826,0.525594243797635,0.9266
827,0.5308305269930014,0.9266
828,0.5268903832416858,0.926
829,0.5277718678649732,0.9275
830,0.5255934101536972,0.926
831,0.5243241870770878,0.9263
832,0.5299360911892268,0.9257
833,0.5263721641863894,0.9288
834,0.5231317623399198,0.9297
835,0.5316066718070732,0.9233
836,0.5276988688716137,0.9259
837,0.529584783102749,0.9251
838,0.5249588269978103,0.9273
839,0.5291352511263548,0.9254
840,0.5275199776175042,0.9258
841,0.5246536933454762,0.9279
842,0.5260213197270732,0.9264
843,0.5259073403691368,0.9282
844,0.5275755863015492,0.9269
845,0.5245071220094111,0.9277
846,0.5267604465561121,0.9252
847,0.523208400566825,0.9278
848,0.5244498671639171,0.9309
849,0.5262632265004554,0.9272
850,0.5273841292467314,0.9255
851,0.5269868663440148,0.9255
852,0.5308156313995392,0.9255
853,0.5270510637808781,0.9259
854,0.5254651986643227,0.9256
855,0.5292711105019112,0.9262
856,0.5268858091569283,0.9284
857,0.5268198698214712,0.927
858,0.5263323552956878,0.9285
859,0.5273762828058711,0.9259
860,0.524261761136663,0.9292
861,0.523991344343336,0.927
862,0.5244500157663012,0.9268
863,0.5239484562482325,0.929
864,0.523267233103197,0.9295
865,0.5251119811698716,0.9293
866,0.5230542861104269,0.9286
867,0.5270450337569612,0.9287
868,0.5267167509958255,0.9257
869,0.5254268068162447,0.9281
870,0.5240471545254312,0.9284
871,0.5267769905165222,0.9278
872,0.5249570856040257,0.9281
873,0.5259694856215552,0.9291
874,0.5263816043871824,0.9265
875,0.5232333952246399,0.928
876,0.5267337634331213,0.9256
877,0.5250344725613014,0.9257
878,0.5232111544050823,0.9265
879,0.5249585289746262,0.9268
880,0.5282048147820445,0.9257
881,0.5256127387925831,0.9285
882,0.5255713354040634,0.9288
883,0.5264333822208451,0.9271
884,0.5298770109237692,0.9239
885,0.5291072515557786,0.9252
886,0.5271453371213288,0.9275
887,0.524336427939011,0.9286
888,0.5275597706163707,0.9278
889,0.5249260321759656,0.9279
890,0.529543330145339,0.9242
891,0.5229037439823361,0.926
892,0.5281569712173653,0.9254
893,0.5242025563873113,0.9293
894,0.5288745769657489,0.9266
895,0.5267865075588889,0.9248
896,0.5325802529311987,0.9214
897,0.5246187183884152,0.9268
898,0.5316521674617428,0.9211
899,0.5340584712157852,0.9215
900,0.534143021111201,0.9237
901,0.5308500521959998,0.9231
902,0.5289302452261352,0.9234
903,0.5294634610565054,0.9231
904,0.5229650974233032,0.928
905,0.5248490542675589,0.9255
906,0.5270349929842041,0.9252
907,0.526170202431914,0.9257
908,0.5269472222269348,0.9243
909,0.5249794990666465,0.9236
910,0.5288564332274337,0.9245
911,0.5257920399572564,0.9257
912,0.5254918108862819,0.9281
913,0.5271419519059978,0.9249
914,0.5265975720302055,0.9252
915,0.5278254700393316,0.9268
916,0.5234115454285607,0.928
917,0.5257163690042365,0.9271
918,0.5262150802437009,0.9275
919,0.5261101977305939,0.9267
920,0.5271108000561133,0.9262
921,0.5245402483507077,0.9281
922,0.5250467286981351,0.9273
923,0.5257800155134387,0.9265
924,0.5247057111677709,0.927
925,0.5263929832334231,0.9296
926,0.5256796187605407,0.9263
927,0.528379890259849,0.9258
928,0.5233300134160107,0.9272
929,0.5239231963088078,0.9284
930,0.5233749707733377,0.9273
931,0.5262962249969729,0.9284
932,0.5270427967420387,0.9279
933,0.5255487524671602,0.9279
934,0.5262255714523215,0.9275
935,0.5253118218147328,0.9271
936,0.5276535222139673,0.9255
937,0.5259569473624107,0.9253
938,0.5271438822851995,0.926
939,0.5272385893550079,0.9245
940,0.5226566395229723,0.9275
941,0.5223779892605818,0.9265
942,0.5302046523786065,0.9245
943,0.5255647261536747,0.9278
944,0.5249475412055157,0.9276
945,0.5248406792449867,0.9282
946,0.5276278397189831,0.9249
947,0.5243880859261228,0.9268
948,0.5279543146778206,0.925
949,0.5240007273624061,0.9303
950,0.5271589611922667,0.9275
951,0.526854927631539,0.9288
952,0.5266201031081787,0.9281
953,0.523967754617018,0.9275
954,0.5244029193692044,0.9286
955,0.5301748350610179,0.9254
956,0.5256142275835493,0.9267
957,0.5242751656065686,0.9265
958,0.5296784655382206,0.9247
959,0.5245335028247752,0.9274
960,0.5259931791161085,0.9263
961,0.5327165877649331,0.9234
962,0.5306418504325666,0.9263
963,0.5285087194578305,0.9252
964,0.5255894886596908,0.9271
965,0.5262517252226712,0.926
966,0.5294618813219094,0.9254
967,0.5249073812069021,0.926
968,0.5244900648218432,0.927
969,0.5260014215998335,0.9265
970,0.5261821501365668,0.9255
971,0.5311876197930407,0.9243
972,0.5296643454127297,0.9261
973,0.5289996603987729,0.9261
974,0.5301266769345097,0.9258
975,0.5302394128511003,0.9266
976,0.5285548854276988,0.9249
977,0.531670488478162,0.9272
978,0.5288360472373398,0.9265
979,0.5270336467085568,0.9275
980,0.5236156000352539,0.9278
981,0.5260804662577743,0.9252
982,0.5288510585215838,0.9238
983,0.5282007876065291,0.9264
984,0.5273676000308947,0.925
985,0.5293144549556204,0.9211
986,0.5292825076026524,0.9249
987,0.5236856437327664,0.9289
988,0.5270119289687643,0.9258
989,0.5288985792640997,0.9243
990,0.5269503032939362,0.9247
991,0.5272946853867495,0.9255
992,0.5259873873789167,0.9262
993,0.5243506215067749,0.9261
994,0.530954263724147,0.9248
995,0.5293951068266494,0.9239
996,0.52605658842762,0.9257
997,0.5291592078958481,0.9269
998,0.5236948387042456,0.9265
999,0.5262742082136894,0.925
1000,0.53133801471176,0.9247
