# Configuration:

dataset name: mnist
model name: softmax classification
num_clients: 100
learning_rate: 0.99
participation_rate: 0.1
num_classes: 10
learning_rate: 0.001
lambda: 0.01
participation_rate: 0.1
num_classes: 10
# Results:

round,obj,test
1,0.5926335642358338,0.8808
2,0.5875056029609932,0.8873
3,0.5854199984488682,0.8857
4,0.5778087000904301,0.8908
5,0.5818856486224098,0.8875
6,0.5813691079536688,0.8902
7,0.5736011027832687,0.8931
8,0.5763281174946894,0.8911
9,0.5769189102994249,0.8881
10,0.5796694049150906,0.8911
11,0.573241746962292,0.8946
12,0.572340106117779,0.8942
13,0.5741163950027609,0.8935
14,0.5716696808551069,0.8976
15,0.573854177892016,0.8943
16,0.5695641659478305,0.8949
17,0.5696541221266742,0.8944
18,0.5707471719496441,0.8953
19,0.5723734380329759,0.8931
20,0.5706883750062384,0.8958
21,0.566815119797243,0.8968
22,0.5673073510317348,0.8963
23,0.5659286067201476,0.8977
24,0.5676449511960496,0.8955
25,0.5658949875764969,0.8979
26,0.5653319353557513,0.8964
27,0.5647652871342556,0.8966
28,0.5643338950428816,0.9
29,0.5658998952469316,0.8995
30,0.5634903288020342,0.9014
31,0.5698006374660751,0.896
32,0.5670966435157447,0.8977
33,0.5643753662317446,0.8978
34,0.5664038773510657,0.8969
35,0.5673144878032468,0.8953
36,0.5653915250117878,0.901
37,0.5649790377798852,0.8988
38,0.5631213958679496,0.8986
39,0.5633909878151784,0.9015
40,0.5630848120981803,0.9
41,0.5638092258944745,0.9
42,0.5634470455508119,0.8991
43,0.564692036663517,0.8998
44,0.5625914131405642,0.9007
45,0.5645285360647241,0.9011
46,0.5626240961342658,0.903
47,0.5635413362864039,0.8988
48,0.5621464483583001,0.9009
49,0.5626026656406136,0.9023
50,0.5628189049169969,0.901
51,0.5615067965760645,0.901
52,0.563054842128986,0.9008
53,0.561513407854755,0.9008
54,0.5619079373180406,0.9003
55,0.5620028475165043,0.901
56,0.562021461914258,0.9006
57,0.5617557683669945,0.8996
58,0.5621212529457366,0.9006
59,0.562073938984423,0.9003
60,0.5616417773727804,0.9022
61,0.5613222380924164,0.9019
62,0.5610672684866959,0.9015
63,0.561268615163428,0.9004
64,0.5615695976398831,0.9021
65,0.5608966132833929,0.9008
66,0.5619042674417369,0.9006
67,0.564367742020089,0.9003
68,0.5619664579652656,0.902
69,0.5608165291494357,0.9012
70,0.560853320737798,0.9014
71,0.5604235573089525,0.9015
72,0.5605242835979526,0.903
73,0.5605986081547031,0.9036
74,0.5605670023005834,0.9016
75,0.5608412891132589,0.9024
76,0.5617222934172973,0.9008
77,0.560754296460953,0.9029
78,0.5611444361870862,0.9022
79,0.5604222314006696,0.9043
80,0.5603828704038111,0.902
81,0.5604015237146497,0.9022
82,0.5611766210202793,0.903
83,0.560635372889227,0.9014
84,0.5608636172486424,0.9019
85,0.5604805206326645,0.9023
86,0.561492730334939,0.9037
87,0.5607032913118924,0.9029
88,0.5602318530565467,0.9041
89,0.5601291108418108,0.9033
90,0.5602519096646656,0.9034
91,0.560273070465588,0.9026
92,0.5606027499978578,0.9018
93,0.5599749977318517,0.9043
94,0.5604441366290731,0.902
95,0.5602628813077558,0.9039
96,0.5601759430538774,0.9028
97,0.5597778385753327,0.9035
98,0.560471895148393,0.9032
99,0.5605374097130608,0.9031
100,0.5597951336488511,0.9016
101,0.5602381010606476,0.9034
102,0.5600218596760554,0.904
103,0.5602617387011783,0.9018
104,0.5598759561141579,0.9046
105,0.5597739729190467,0.9024
106,0.5600749067242184,0.9042
107,0.5597230346502079,0.9035
108,0.5605470106385013,0.9023
109,0.5599554744376883,0.9041
110,0.5594729671371195,0.9041
111,0.5597085212207302,0.9032
112,0.5604188755344853,0.9026
113,0.5609719963168907,0.9043
114,0.5595740386867788,0.904
115,0.559809161584639,0.9037
116,0.5594738637795492,0.9036
117,0.5595131363304922,0.9038
118,0.559402536354668,0.9029
119,0.559731383985599,0.9041
120,0.5596325937473119,0.9042
121,0.5599859285381813,0.9037
122,0.5603082224221559,0.9025
123,0.5600103983845378,0.9033
124,0.5599197755001288,0.9034
125,0.5596789351684998,0.9038
126,0.5599697109378456,0.9036
127,0.5596774096180078,0.9048
128,0.5595284583903247,0.9038
129,0.5593591201488566,0.9036
130,0.5598243885279812,0.9037
131,0.5595364799697761,0.904
132,0.5598185921511531,0.9025
133,0.5601725640656321,0.9034
134,0.5594875914818325,0.9041
135,0.5596614137186782,0.9031
136,0.5593428537641453,0.904
137,0.5604333446155251,0.9031
138,0.5595557760268817,0.9044
139,0.559751089568091,0.9035
140,0.5603659085090025,0.9033
141,0.5595337399233128,0.9035
142,0.559858852263447,0.9015
143,0.5594020130809974,0.9052
144,0.5595279673004087,0.904
145,0.5596487141415236,0.9025
146,0.5595006985618056,0.9027
147,0.5593561743237974,0.9053
148,0.5593627378981827,0.9037
149,0.5596014568595988,0.9032
150,0.5596666635691906,0.9032
151,0.5593730512643125,0.9048
152,0.5599764478494721,0.9029
153,0.5593982263025641,0.9039
154,0.5595787727702838,0.9037
155,0.5595639581725157,0.9026
156,0.5599704322946151,0.9046
157,0.5593664357227343,0.9033
158,0.5593586002362082,0.9039
159,0.5592087183138211,0.9032
160,0.5595390090264565,0.9045
161,0.5590819744719578,0.9051
162,0.5595331631058372,0.9038
163,0.5597517134345523,0.9041
164,0.5593952467316499,0.9034
165,0.5596148260733258,0.9035
166,0.5595260391482936,0.9043
167,0.5592127060601461,0.9043
168,0.559114427629989,0.9051
169,0.5592881070581931,0.9042
170,0.559165172927401,0.904
171,0.5594583295323685,0.9036
172,0.5594365089290667,0.9054
173,0.5591812005117366,0.9049
174,0.5593190557535398,0.9046
175,0.5591641427683725,0.905
176,0.5599406599362048,0.9026
177,0.5591100855191181,0.9039
178,0.5593592106086446,0.9037
179,0.559193778593127,0.9043
180,0.5595284099289464,0.9029
181,0.559317588534716,0.9038
182,0.5594007490046374,0.9045
183,0.5593428296039475,0.9036
184,0.5595480759893141,0.9031
185,0.5593371446555421,0.9044
186,0.5593026035567403,0.9037
187,0.5601446631519188,0.9046
188,0.5591681898760051,0.9047
189,0.5595305273492126,0.9045
190,0.5595465422078805,0.9047
191,0.5595294207289511,0.9046
192,0.5590812435279049,0.9046
193,0.5593793308359555,0.9043
194,0.5589240904632365,0.9047
195,0.5591161007939655,0.9045
196,0.5588977434445417,0.9044
197,0.5592292160496328,0.9048
198,0.5592986290171515,0.9036
199,0.5593328931229562,0.9043
200,0.5593360724930942,0.9047
201,0.559092649679626,0.9037
202,0.5593200156574217,0.9042
203,0.5594236913385069,0.9057
204,0.5592727159728134,0.9045
205,0.5599016043942908,0.9029
206,0.5592279732955462,0.9049
207,0.5594305132008848,0.9048
208,0.5593429393285297,0.905
209,0.5594156175579583,0.9042
210,0.5594261579943203,0.9045
211,0.5590706371113074,0.9053
212,0.5593738805000906,0.9044
213,0.5592391303755541,0.9039
214,0.559219844563879,0.9045
215,0.5591521892309502,0.9039
216,0.5590776645083503,0.9047
217,0.5591997612507542,0.9055
218,0.5589957159051406,0.9044
219,0.5593346819160084,0.9042
220,0.5590648896780034,0.9049
221,0.559376967095587,0.905
222,0.5592126253841055,0.9046
223,0.5597838711462083,0.905
224,0.5591544642402657,0.9048
225,0.5590106331296449,0.9047
226,0.558985775025239,0.9042
227,0.559105721657588,0.9037
228,0.5593094929800184,0.9045
229,0.55894435774825,0.9043
230,0.5595738099040448,0.905
231,0.5590153733710221,0.9052
232,0.5597002838705191,0.9027
233,0.5594635066372203,0.9048
234,0.5589217151686342,0.9044
235,0.5593039328623578,0.9042
236,0.5589249104845538,0.9044
237,0.5589188471647286,0.9046
238,0.5589898153559452,0.9056
239,0.5592283245323253,0.9049
240,0.5588393204353446,0.9048
241,0.5590644573611138,0.9051
242,0.5594712328725053,0.9048
243,0.5591471628255805,0.9044
244,0.5590962670993266,0.9045
245,0.5590038536548252,0.9041
246,0.5591615320839088,0.9041
247,0.559015393406356,0.9049
248,0.5588459829638504,0.904
249,0.559154471493285,0.9033
250,0.559600025844716,0.904
251,0.5590567576266298,0.9044
252,0.5592062467430051,0.904
253,0.5588704134000217,0.9046
254,0.5593203827078075,0.9044
255,0.5590113554820586,0.9044
256,0.5589638136738747,0.9044
257,0.559147870970254,0.9048
258,0.5589413136457648,0.9051
259,0.5589143204603005,0.9054
260,0.558863127074315,0.905
261,0.5591156380226445,0.9044
262,0.5588644709401746,0.9051
263,0.5593139691375889,0.9054
264,0.5589457222894031,0.905
265,0.5594164665988313,0.9042
266,0.5589554874798642,0.9051
267,0.5592435714400334,0.904
268,0.5592892377989829,0.9034
269,0.5592668148400299,0.9044
270,0.5590337299746252,0.9039
271,0.5587696122551166,0.905
272,0.5592179911978811,0.9043
273,0.558799571933015,0.9052
274,0.5590348250874916,0.9034
275,0.5588496585457483,0.906
276,0.5591839229816048,0.9046
277,0.5588767969720615,0.9052
278,0.558877280921237,0.9049
279,0.5588427478771462,0.9049
280,0.5588634467284458,0.9047
281,0.5589236115756331,0.905
282,0.5588750731173617,0.905
283,0.5591842705882181,0.9046
284,0.5591317636145874,0.9041
285,0.559050957400458,0.904
286,0.5589874597138307,0.9054
287,0.5590053480656829,0.9052
288,0.5588416298490442,0.9047
289,0.5591797690472781,0.9047
290,0.5595075648575721,0.9059
291,0.5591133379387849,0.9058
292,0.5590358383162435,0.9053
293,0.5589526112693948,0.9051
294,0.5591260495092054,0.9053
295,0.558875463418082,0.9052
296,0.5590620146798635,0.9049
297,0.5589277850380422,0.9055
298,0.5593367746336618,0.9046
299,0.5594571363998371,0.9039
300,0.5589851056152964,0.9046
301,0.5589787197877228,0.9042
302,0.5592412927186097,0.9044
303,0.5589658610602967,0.9056
304,0.5588722689150906,0.9042
305,0.5591632602476136,0.9049
306,0.5592209671092259,0.9049
307,0.5588962928298794,0.9052
308,0.5592373847267843,0.9048
309,0.5588777236049414,0.9052
310,0.559387468145607,0.9048
311,0.5588621430690546,0.9038
312,0.5594629516195118,0.9054
313,0.5588022383735997,0.9047
314,0.5590838850727522,0.9046
315,0.5589579589645474,0.9049
316,0.559107218940824,0.9046
317,0.5589890196681565,0.9049
318,0.5589722659032442,0.9051
319,0.5588158563479412,0.9055
320,0.558845183935022,0.9042
321,0.5593141952762817,0.9047
322,0.5589903047120958,0.9055
323,0.558889697009061,0.9052
324,0.5588315377530901,0.9051
325,0.5590419434459999,0.9053
326,0.5592053733393891,0.9046
327,0.5588931108922872,0.9048
328,0.5588075034625014,0.9047
329,0.5590113887776117,0.9048
330,0.5591495913907597,0.9037
331,0.5591199408074099,0.905
332,0.5588815018222147,0.9043
333,0.5588886718578516,0.9051
334,0.558858584217904,0.9044
335,0.5590279358452488,0.9047
336,0.5589285940823128,0.9055
337,0.5588652375750754,0.9054
338,0.5588940778321922,0.905
339,0.558858261066987,0.9042
340,0.5587483890132237,0.9048
341,0.5587971209767895,0.9054
342,0.5590490922745647,0.9049
343,0.5588155854359129,0.9054
344,0.5588587670403234,0.9052
345,0.5591268516606067,0.9059
346,0.558822255531834,0.9052
347,0.5588837969704537,0.9049
348,0.5588693112487291,0.9057
349,0.558905274170691,0.905
350,0.558747580582732,0.9042
351,0.5592027049960921,0.9039
352,0.558887622518737,0.9043
353,0.5587394973528004,0.905
354,0.5587532917635213,0.9045
355,0.5588060578466496,0.9045
356,0.5589265505819674,0.9047
357,0.5588570315724055,0.9052
358,0.5590206844123042,0.9047
359,0.5588631034038565,0.9041
360,0.5590551250107901,0.9049
361,0.5591267625564302,0.9052
362,0.5587402484592991,0.9047
363,0.5588054909359444,0.9049
364,0.5590140940771132,0.9046
365,0.5589219814010715,0.9057
366,0.5592115683327393,0.9053
367,0.5589042201891523,0.9041
368,0.5587791988594663,0.9054
369,0.5588352263294882,0.9038
370,0.5589805931133772,0.9047
371,0.5591329645819317,0.9052
372,0.5588212638453706,0.9046
373,0.5592181690151453,0.9043
374,0.5590298765749596,0.9054
375,0.5591068428796169,0.9047
376,0.5588823899959706,0.9049
377,0.558782263882499,0.9056
378,0.5591043752232827,0.9038
379,0.559020734984424,0.9047
380,0.5590611220750826,0.9049
381,0.5590040148471578,0.9035
382,0.5587404171914253,0.9056
383,0.5589789092669296,0.905
384,0.5590360527821419,0.9043
385,0.5589854079958212,0.9045
386,0.5588275534257073,0.9054
387,0.5588683380292422,0.9038
388,0.5589135794489284,0.9056
389,0.5588514624031948,0.9046
390,0.558931391024497,0.9044
391,0.5587800713402752,0.9048
392,0.5590076982043132,0.9037
393,0.5588909070504148,0.9048
394,0.5588189239413647,0.9056
395,0.5588142650522787,0.905
396,0.5587316662198751,0.9051
397,0.5588264083318172,0.9051
398,0.5590534225891297,0.9049
399,0.5587419446064235,0.9048
400,0.558751630575688,0.9053
401,0.5587711010510842,0.9048
402,0.5587107461020192,0.9052
403,0.5589133253220305,0.9055
404,0.5588203798353539,0.9054
405,0.5587250389507536,0.9051
406,0.5590363233504093,0.905
407,0.558753256685313,0.9057
408,0.558919227731502,0.9052
409,0.5589538275914021,0.9056
410,0.5588311750074446,0.9041
411,0.5588235929726768,0.9058
412,0.5590177577133303,0.9043
413,0.5589351778723963,0.9056
414,0.5590134218539231,0.9049
415,0.5587484021693564,0.9048
416,0.5588516546256709,0.905
417,0.5588729128270367,0.905
418,0.5588559947419857,0.905
419,0.5588954047614909,0.9045
420,0.5590689513264931,0.9057
421,0.5590117620427743,0.905
422,0.5587515539703866,0.9045
423,0.5587867776062289,0.9057
424,0.5588293104680293,0.9055
425,0.5587231629536794,0.9057
426,0.5587959945308374,0.9051
427,0.5589481142233245,0.9054
428,0.5587075567599284,0.9045
429,0.5587516092368818,0.9049
430,0.5587952128005191,0.9052
431,0.5588161585122213,0.9046
432,0.55885812118882,0.9054
433,0.5589118547975326,0.9055
434,0.5589073217377277,0.9046
435,0.5591214077855149,0.9044
436,0.5592334095595102,0.9046
437,0.5589132100322061,0.9046
438,0.5589413685007902,0.9055
439,0.5587038451056422,0.9051
440,0.5587753448899365,0.9045
441,0.5589046283555897,0.9052
442,0.5592085889383728,0.9046
443,0.558904126144924,0.9048
444,0.5590076874830564,0.9043
445,0.5588304377335149,0.9049
446,0.5587119649063026,0.9049
447,0.5589265731628057,0.905
448,0.5587659927319216,0.9052
449,0.5586993521572718,0.9046
450,0.5589488272361325,0.9044
451,0.559011593421684,0.905
452,0.5588512750571594,0.9044
453,0.5586689470442229,0.9051
454,0.5586472655209911,0.905
455,0.5588055995318163,0.9054
456,0.559016429507323,0.9043
457,0.5587606761545287,0.905
458,0.559176275820823,0.9054
459,0.5588664352680772,0.9047
460,0.5587712074602837,0.9048
461,0.5588594514822781,0.9049
462,0.5590585602368289,0.9044
463,0.5588571437900389,0.9046
464,0.559633960179134,0.9044
465,0.559210544932984,0.9048
466,0.5587404672447428,0.9057
467,0.5589590854096379,0.9047
468,0.5589449845904821,0.9053
469,0.5589426090349865,0.9049
470,0.5589062646829275,0.905
471,0.5588459464702421,0.9045
472,0.5587595897418212,0.905
473,0.5587121924322488,0.9047
474,0.558840746638555,0.9048
475,0.5588309767935438,0.9045
476,0.5587299698735871,0.9048
477,0.5588553780185864,0.905
478,0.5587453151917884,0.9045
479,0.5587819023666636,0.9058
480,0.5592238684227595,0.9042
481,0.5587389090853431,0.905
482,0.5588314455429318,0.9046
483,0.5587649829425558,0.905
484,0.5589206870891994,0.9047
485,0.5586732032141597,0.9053
486,0.5589878040072277,0.905
487,0.5590419050341677,0.9045
488,0.5588656021471551,0.9043
489,0.5587010005730966,0.9052
490,0.5591001612569088,0.9046
491,0.5588683414487796,0.9049
492,0.5588227170593781,0.9058
493,0.558763934304802,0.9045
494,0.5587184188310494,0.9044
495,0.558867404201266,0.9054
496,0.5586801460480938,0.9052
497,0.5588486814286152,0.9054
498,0.55895824336819,0.9052
499,0.5587747148981186,0.9051
500,0.5586865554739238,0.9052
