# Configuration:

dataset name: mnist
model name: softmax classification with MLP
num_clients: 100
participation_rate: 0.05
num_classes: 10
numLocalEpochs: 5
learning_rate: 0.01
lambda: 0.01
mu: 0.0001
num_classes: 10
# Results:

round,obj,test
1,2.555418102443911,0.2416
2,2.406115900855548,0.4086
3,2.2697167467469,0.4962
4,2.1405592650088647,0.5596
5,2.013264852334683,0.6292
6,1.8902390095973463,0.682
7,1.7812504068158421,0.7179
8,1.6852254931611745,0.7431
9,1.6017136946564712,0.7627
10,1.5267439460668681,0.7746
11,1.459837716832681,0.7901
12,1.4043036460287086,0.8023
13,1.3549567484884952,0.8092
14,1.3112315621818025,0.8162
15,1.2721008148838524,0.8263
16,1.238011251907376,0.8297
17,1.207673620742828,0.8364
18,1.1811954997242469,0.838
19,1.1557257139000392,0.843
20,1.134612529667219,0.8479
21,1.1143887441224203,0.85
22,1.096885810732063,0.854
23,1.0810131188419143,0.8571
24,1.0671040139883674,0.8591
25,1.053246725262969,0.8605
26,1.0400830165805244,0.8643
27,1.0284566827282922,0.8658
28,1.017556766213,0.8661
29,1.007147305025389,0.8694
30,0.9970280910577966,0.8723
31,0.9880407797417499,0.8735
32,0.9795206966391573,0.8742
33,0.9718782858532132,0.8745
34,0.9639132998877774,0.8774
35,0.9570800398896717,0.8777
36,0.9504560996577252,0.878
37,0.9445078732233199,0.8779
38,0.9381280653222895,0.8793
39,0.9321808443443983,0.8803
40,0.9272759504502287,0.8809
41,0.9216984448347498,0.8807
42,0.9167323917231271,0.8827
43,0.9114302789046642,0.8828
44,0.9073727344145414,0.8836
45,0.9025481920254487,0.885
46,0.8981819182575114,0.8853
47,0.894086124265168,0.8856
48,0.8903974839492402,0.8848
49,0.8862056731371624,0.886
50,0.8829627703686046,0.8859
51,0.8787586072858509,0.8871
52,0.8761469899873364,0.8867
53,0.8714578404240789,0.8877
54,0.8684003369374373,0.8878
55,0.865876353614295,0.889
56,0.8616646655714154,0.8883
57,0.8602239496600323,0.8882
58,0.85662796917861,0.888
59,0.8530363283056294,0.8899
60,0.8501265865257888,0.8901
61,0.847920612706162,0.8908
62,0.8449260992590997,0.8905
63,0.8424515675754293,0.8919
64,0.8398946563127434,0.8919
65,0.8368021915475659,0.8919
66,0.8348121111823611,0.8924
67,0.8319949268033595,0.8933
68,0.8296599666010994,0.8927
69,0.8274713381547325,0.8938
70,0.8255173436824952,0.8947
71,0.8225733596549444,0.8948
72,0.8203104413232569,0.8948
73,0.8180354833286109,0.8956
74,0.8160552475783293,0.8953
75,0.8141270476227567,0.8954
76,0.8119087117836683,0.8952
77,0.809969659659602,0.8955
78,0.808163409686929,0.8963
79,0.8062092312456999,0.8954
80,0.8043327526122549,0.896
81,0.8016985013468606,0.8968
82,0.8003358824167189,0.8973
83,0.7981990674945071,0.8962
84,0.796271795178685,0.8976
85,0.794704011054772,0.8973
86,0.7928233554893086,0.8981
87,0.7911460327369492,0.8989
88,0.7899418012459761,0.8971
89,0.7876012536153517,0.899
90,0.7862516372308159,0.8987
91,0.7847969222048216,0.8996
92,0.7827483601777707,0.8999
93,0.781251035940177,0.8995
94,0.7797587756724947,0.8984
95,0.7780999674232666,0.8992
96,0.7764740787721431,0.9
97,0.7754838005081386,0.9001
98,0.7735239374575761,0.9016
99,0.7719732680721039,0.9005
100,0.7711489888166196,0.9008
101,0.7685345327658047,0.9011
102,0.7670071776623568,0.9011
103,0.7654620149266412,0.9019
104,0.764340398043019,0.9011
105,0.7629669130187957,0.9024
106,0.7613892373923565,0.9032
107,0.7610283963650589,0.9027
108,0.7588259524118515,0.9022
109,0.7571364314957404,0.9022
110,0.7556623599818552,0.9026
111,0.7548022643689623,0.9037
112,0.7537666947373443,0.902
113,0.751855713726432,0.9014
114,0.7510748284547689,0.9016
115,0.7496812323108148,0.9028
116,0.7478547426854957,0.9034
117,0.7476748772516962,0.9018
118,0.7461819932080198,0.9022
119,0.7439629873235093,0.9038
120,0.7434848799840399,0.9049
121,0.7418140414184825,0.9032
122,0.7405942632957543,0.9039
123,0.7395567887688648,0.9035
124,0.7383616000936993,0.9028
125,0.7371628333088117,0.9033
126,0.7359180029689222,0.9036
127,0.7356313152495892,0.9026
128,0.7338672151589114,0.9039
129,0.7327383160084837,0.9039
130,0.7317942414421469,0.9037
131,0.7304307418409024,0.9021
132,0.7291331672151157,0.9031
133,0.7281756450905867,0.9055
134,0.726655883676984,0.9046
135,0.7266103426759335,0.903
136,0.7249330437420605,0.9032
137,0.723663085805094,0.9044
138,0.7223589094200916,0.9057
139,0.7216686088295863,0.9055
140,0.7205207936060125,0.9044
141,0.7195357096430384,0.9039
142,0.7179404254864622,0.9041
143,0.7168742130388213,0.9051
144,0.7159253981550787,0.9056
145,0.7147380256533599,0.9058
146,0.7139276701172588,0.9071
147,0.7132402361645244,0.9071
148,0.7122814316888609,0.9059
149,0.7114768958073606,0.9069
150,0.7101026901394315,0.9072
151,0.7092274729623842,0.9072
152,0.7085008082394525,0.9066
153,0.7078904338568974,0.9065
154,0.706151737072937,0.9062
155,0.7050871554283313,0.9068
156,0.7044815430561415,0.9067
157,0.702997340118252,0.907
158,0.7019998525704096,0.9082
159,0.7011492799311532,0.9097
160,0.7000386488756186,0.9085
161,0.7000996195759431,0.9072
162,0.6985862554249216,0.9087
163,0.6979989661590215,0.908
164,0.6965061204575737,0.909
165,0.6963431105336616,0.9093
166,0.6950596924784658,0.9082
167,0.6945838926592663,0.9093
168,0.6934963678836736,0.9088
169,0.692969329658444,0.909
170,0.6915765382993216,0.9099
171,0.6911927453481146,0.9091
172,0.6900075039506052,0.9094
173,0.6896577966769921,0.9084
174,0.6887489657154217,0.9095
175,0.6877445674419421,0.9091
176,0.6873373843515111,0.9084
177,0.6859725022376317,0.9104
178,0.6853781972748608,0.9101
179,0.6845341688142671,0.9101
180,0.6832938129414693,0.9095
181,0.6835650082511259,0.9089
182,0.6820573537135324,0.9093
183,0.6809923048559322,0.9096
184,0.6803458924746874,0.9089
185,0.679924348021873,0.909
186,0.678780104837199,0.9083
187,0.6780308429616244,0.9089
188,0.6770310431485743,0.9104
189,0.6763832856816893,0.9097
190,0.67564577351252,0.9095
191,0.6749909055146212,0.9091
192,0.6739777383373653,0.9109
193,0.6735784639460337,0.9107
194,0.672786223722082,0.9085
195,0.672459193242151,0.9104
196,0.6712794044989062,0.9111
197,0.6704905739463278,0.912
198,0.6696836958410111,0.9117
199,0.6692865679571164,0.9109
200,0.6685258761058109,0.9106
201,0.6681108821766115,0.9106
202,0.6673100687483862,0.9096
203,0.6662981093855043,0.9101
204,0.6653946295516735,0.9106
205,0.6651522456644583,0.9097
206,0.6642756519002833,0.9095
207,0.663389153210129,0.9108
208,0.6623935665662259,0.912
209,0.6621476075408219,0.9113
210,0.6613158590783583,0.9107
211,0.6613850468394935,0.9113
212,0.6599030460304418,0.9111
213,0.65946209606987,0.9117
214,0.658776278083171,0.9125
215,0.6585461155049743,0.9121
216,0.6576176260444236,0.9117
217,0.6574463010416512,0.9112
218,0.6571052606762614,0.9108
219,0.6559238756322958,0.9105
220,0.6558315899881958,0.9119
221,0.6545789178029573,0.9125
222,0.6541553393986096,0.9117
223,0.6540747184452693,0.9112
224,0.6527457585198162,0.9116
225,0.6521778070431197,0.9115
226,0.6511888850847776,0.9112
227,0.6509492805107073,0.9102
228,0.649753004265302,0.9126
229,0.6498675163767608,0.912
230,0.6487356180674175,0.9123
231,0.6483037625801565,0.9137
232,0.6476595847946273,0.9124
233,0.6471326923069314,0.9118
234,0.6469771604920285,0.9113
235,0.646596306131355,0.9117
236,0.6452020740779696,0.9141
237,0.6446747310209666,0.9133
238,0.6441682333311638,0.9119
239,0.6436626099729679,0.9114
240,0.6433090626956609,0.9113
241,0.6425465384989374,0.914
242,0.6417991619080095,0.9123
243,0.6415219907409734,0.9137
244,0.6409366484055524,0.912
245,0.6403944387040238,0.911
246,0.6399064415997839,0.9128
247,0.63886384587607,0.9126
248,0.6393739176413751,0.912
249,0.6382860549204609,0.9118
250,0.6375825566534447,0.9122
251,0.6373727864886972,0.9132
252,0.6363046211610411,0.9135
253,0.6356619113665865,0.9147
254,0.6349736829918685,0.9132
255,0.6344521861257318,0.9125
256,0.6345929478101269,0.9133
257,0.6336900388999359,0.9121
258,0.6331253188780127,0.914
259,0.6323039178044911,0.9141
260,0.6318090150322458,0.9142
261,0.6316698756966868,0.9137
262,0.6313043130075313,0.9138
263,0.6305934411257178,0.9133
264,0.6298945042272105,0.9147
265,0.6298625452848662,0.9146
266,0.628846907389524,0.9153
267,0.628604362515205,0.9139
268,0.6283702444230702,0.9146
269,0.6278112055023654,0.914
270,0.6269418123966854,0.9142
271,0.6270449289889359,0.9126
272,0.6265370700511502,0.9146
273,0.625951228651347,0.9141
274,0.6250952695191807,0.9147
275,0.6254836404459406,0.914
276,0.6248913978085882,0.9151
277,0.6237567678576089,0.9155
278,0.6241359925777095,0.9151
279,0.62352857283446,0.9148
280,0.6233844144725215,0.9148
281,0.6233159925769411,0.9144
282,0.6225634346622485,0.9133
283,0.6211960887403735,0.9153
284,0.621698179221407,0.914
285,0.6204590194421883,0.9144
286,0.6204568952818493,0.9153
287,0.6191542729254653,0.9143
288,0.6187578662520264,0.9153
289,0.6189204065724114,0.9159
290,0.6184040337762832,0.9156
291,0.6179978386469301,0.9147
292,0.6179018430262174,0.9143
293,0.617067396805865,0.915
294,0.6167694270640698,0.9146
295,0.615960280008117,0.9154
296,0.6158595242078049,0.9155
297,0.615708553639458,0.915
298,0.6144532706608203,0.9156
299,0.6142780943116727,0.9154
300,0.6140453840425456,0.9156
301,0.613578003906198,0.9159
302,0.613655762979665,0.9152
303,0.612985864265548,0.916
304,0.6120061713059972,0.9158
305,0.6122590562862005,0.9157
306,0.6114263995774083,0.9155
307,0.6109529430215928,0.9158
308,0.6103569953840142,0.916
309,0.6102459973325387,0.9149
310,0.6101778246563933,0.9155
311,0.61001954402525,0.9153
312,0.6092774295429236,0.9158
313,0.6085269764161247,0.9157
314,0.6079656646120215,0.9172
315,0.6077653775418217,0.9166
316,0.6076720337285487,0.9163
317,0.6073143625494317,0.9166
318,0.6073037270569982,0.917
319,0.6068884062120175,0.9172
320,0.6063738086760083,0.9168
321,0.6055537909888887,0.9167
322,0.6051896809452864,0.9166
323,0.605065658661759,0.9155
324,0.6048699055782161,0.9165
325,0.6042846894761497,0.9161
326,0.6034765179522905,0.9175
327,0.6036818272197593,0.9155
328,0.6027185766117386,0.9168
329,0.6028781361235562,0.9163
330,0.6028465336759764,0.9163
331,0.6017073142664137,0.9169
332,0.6015671454341229,0.9169
333,0.6009827660456044,0.9168
334,0.6006425541361747,0.9175
335,0.6001455698047006,0.9167
336,0.6002782505541987,0.9161
337,0.5994114347024224,0.9173
338,0.5993260438095828,0.917
339,0.5994589388312953,0.916
340,0.5989350291787633,0.9167
341,0.5981081337522113,0.9165
342,0.5981231041090764,0.918
343,0.5975394430765902,0.918
344,0.5975797417648003,0.9175
345,0.597490506467277,0.9176
346,0.5965492783920089,0.9174
347,0.5967777453700887,0.9164
348,0.5968438931803444,0.9169
349,0.595584191723841,0.917
350,0.5954080905682267,0.9165
351,0.5950994335423242,0.9175
352,0.594372390806118,0.918
353,0.5945759534514867,0.9171
354,0.5940591465287277,0.9177
355,0.5936081523940608,0.9175
356,0.5930871316217723,0.9176
357,0.5927662808742955,0.9172
358,0.5930731290131596,0.917
359,0.5925389474882649,0.9169
360,0.5920431141031833,0.9177
361,0.5916750021971497,0.9175
362,0.5917889614440973,0.9173
363,0.592355406871353,0.9167
364,0.5911851819040369,0.9181
365,0.591671766577074,0.9178
366,0.5900928508767932,0.9176
367,0.5899172804346495,0.918
368,0.5896278572218455,0.9173
369,0.5899280692099936,0.9164
370,0.5892169789406672,0.9175
371,0.5886250087748873,0.9183
372,0.5887254542622798,0.9171
373,0.5887380256615183,0.9169
374,0.5877501638054077,0.9177
375,0.5879668564205088,0.918
376,0.5876402557880444,0.9171
377,0.587074843295321,0.9171
378,0.5871863127049248,0.9183
379,0.5867742636573173,0.9187
380,0.5864075931279294,0.9183
381,0.5861716886914188,0.9184
382,0.586303042595508,0.9169
383,0.5855200202381944,0.9179
384,0.5856113429387126,0.9175
385,0.5851944166525399,0.9177
386,0.5847312092864176,0.9172
387,0.5846131960271254,0.9169
388,0.5842209136938127,0.9175
389,0.583568046747241,0.9186
390,0.5833634253325011,0.9176
391,0.5831612684240198,0.918
392,0.582809482463735,0.9184
393,0.5823522448512728,0.9185
394,0.5821465093772915,0.9181
395,0.5818475417193787,0.9179
396,0.581794018689582,0.9174
397,0.5819665809647533,0.9176
398,0.5811600006738706,0.9186
399,0.5811373539011621,0.9193
400,0.580876812578971,0.9185
401,0.5806935476204459,0.9191
402,0.5805083082167863,0.9179
403,0.5798388083398304,0.9172
404,0.5795998713243122,0.918
405,0.5795905767241877,0.9176
406,0.5791374094894163,0.9185
407,0.5794655693020606,0.9198
408,0.5784106321924944,0.919
409,0.5781641371047314,0.9187
410,0.578322924581577,0.917
411,0.5778037336829869,0.9187
412,0.5782072387460678,0.9182
413,0.5774728068368526,0.9188
414,0.5775695226808851,0.918
415,0.5770309637197069,0.9181
416,0.5766791266442328,0.9174
417,0.5764425963837725,0.9186
418,0.5762279498111808,0.9192
419,0.5757429459928297,0.9188
420,0.5767776781698598,0.9191
421,0.5760578823743723,0.9191
422,0.5757877493963466,0.9195
423,0.575074000505215,0.9192
424,0.5750938056072177,0.9171
425,0.574676315119857,0.9186
426,0.5742454653580473,0.9195
427,0.5744007788149839,0.9195
428,0.5739430537672497,0.9188
429,0.5739203225739768,0.9192
430,0.5736917785509275,0.9196
431,0.5735269827424815,0.9185
432,0.5732192411792385,0.9182
433,0.5732520314195639,0.9192
434,0.5728187110234654,0.9196
435,0.5725008677551621,0.92
436,0.5726491339122023,0.9213
437,0.572148552579387,0.9188
438,0.5717640994919648,0.9192
439,0.5715126563422674,0.9197
440,0.5712002237791959,0.9189
441,0.5710932481850002,0.9187
442,0.5710679413355961,0.9197
443,0.570715218034225,0.9196
444,0.5705792834168232,0.9203
445,0.570380687514146,0.9197
446,0.5702033013466383,0.9189
447,0.5698501597985959,0.9198
448,0.5693935715974741,0.92
449,0.5695652962061165,0.9205
450,0.5692118890648196,0.9196
451,0.5689984835656554,0.9191
452,0.5687848170707329,0.9195
453,0.5686440022396452,0.9196
454,0.5683114300059321,0.9197
455,0.5680688463475081,0.9196
456,0.5680960970005422,0.92
457,0.5679935548783793,0.9202
458,0.5679361676000183,0.92
459,0.5680341728612367,0.9204
460,0.5674790246670186,0.9209
461,0.5668645420620402,0.9205
462,0.5670097239791285,0.9202
463,0.566843325644962,0.9212
464,0.5660992566855761,0.9197
465,0.5665609796801995,0.9207
466,0.565788135000645,0.9202
467,0.5657169094587635,0.9203
468,0.5655196857834499,0.9198
469,0.5655265704808367,0.9197
470,0.5653233758451336,0.9202
471,0.565203815354987,0.9197
472,0.5652240442109988,0.9198
473,0.5647986065595745,0.92
474,0.5645270874843696,0.9205
475,0.564272704897475,0.921
476,0.5640883254909175,0.92
477,0.5643596929188345,0.9211
478,0.5640831278755257,0.9207
479,0.5635434803988278,0.9205
480,0.5638152804020451,0.9212
481,0.5643425805889147,0.9199
482,0.5636237283259286,0.9211
483,0.5627943126131959,0.9211
484,0.562726885459683,0.9216
485,0.5624581743104947,0.9211
486,0.5625978877216706,0.921
487,0.5620448842047268,0.9203
488,0.562214687590913,0.9208
489,0.561714437182085,0.9213
490,0.5619492264530042,0.9202
491,0.562020719801032,0.9215
492,0.5616158842779574,0.9215
493,0.5615888127227006,0.9216
494,0.5610078856880036,0.9214
495,0.560638025394703,0.9215
496,0.560972850357419,0.9208
497,0.5604992575923602,0.9209
498,0.5603693001408923,0.9213
499,0.5600407497666607,0.9212
500,0.5603745381568451,0.9208
501,0.5602014545586252,0.92
502,0.5601248862986224,0.9198
503,0.5595614225784658,0.9199
504,0.5593675792376267,0.9212
505,0.559116470241084,0.9205
506,0.5590286571162941,0.9209
507,0.5589672895165958,0.9195
508,0.558923986690612,0.9215
509,0.5583818009861361,0.9205
510,0.5583983322703361,0.9207
511,0.5586883366301661,0.9214
512,0.5584087255700639,0.9216
513,0.5582966093191113,0.9222
514,0.5579888616384688,0.9216
515,0.5575460535895552,0.9215
516,0.5571867221336095,0.9218
517,0.5573309322220196,0.9212
518,0.557560014311142,0.9207
519,0.55733054283532,0.921
520,0.5570929228085247,0.9209
521,0.556504147791662,0.9213
522,0.5564541635946184,0.9216
523,0.5567115131073624,0.9213
524,0.556359060650055,0.9197
525,0.5566963956464959,0.9212
526,0.556102391912208,0.9209
527,0.5555778538527824,0.9203
528,0.5556427412651762,0.9204
529,0.5556183741061742,0.9207
530,0.5556607226426475,0.9197
531,0.5554831108758594,0.9206
532,0.5555366353911438,0.9217
533,0.5550138955921579,0.9212
534,0.5548441012869632,0.9202
535,0.5551440806951858,0.9215
536,0.5550963804106331,0.9214
537,0.5542817016722619,0.9211
538,0.5543857247552367,0.9206
539,0.5542342268755461,0.9198
540,0.5542357402776465,0.9216
541,0.5538379422745024,0.9214
542,0.5535161809921846,0.9215
543,0.55362311687668,0.9222
544,0.5535706051479928,0.9227
545,0.5534161870144038,0.9219
546,0.5536941399218659,0.9228
547,0.5529953262160796,0.9219
548,0.5530346280151167,0.9223
549,0.552499311976018,0.9215
550,0.5525368212248952,0.9219
551,0.5526810265189468,0.9214
552,0.5522793696662822,0.922
553,0.5523696953284021,0.9217
554,0.5522051470623748,0.9215
555,0.5521166551670057,0.9216
556,0.5530550932047419,0.9221
557,0.5520141500907608,0.9228
558,0.5516780411516137,0.9221
559,0.5514661666107679,0.9216
560,0.5517512635857824,0.9204
561,0.5515977368507249,0.9214
562,0.5511697008006222,0.9212
563,0.5511989082339401,0.9214
564,0.5508275867960178,0.9222
565,0.5508578246591741,0.9215
566,0.5510031822078502,0.9215
567,0.5507190757309297,0.9219
568,0.5506778984104785,0.9224
569,0.550319423971804,0.9224
570,0.5498900047278139,0.9226
571,0.5503941736903282,0.9229
572,0.5499467064862658,0.9223
573,0.549411066429018,0.9224
574,0.5496227939400218,0.9229
575,0.549675971583119,0.9224
576,0.5495945617475086,0.9219
577,0.5494211134210694,0.9227
578,0.5498348803156998,0.9224
579,0.548801644306926,0.9229
580,0.549170717674486,0.9227
581,0.5488106301539004,0.923
582,0.5485704790237428,0.9225
583,0.5486949037929676,0.9238
584,0.5482385411550493,0.9228
585,0.5488551649954894,0.9223
586,0.5480828201822194,0.9213
587,0.5485714134120235,0.9221
588,0.5483140717148498,0.9223
589,0.5476100794371538,0.9219
590,0.5476598694035988,0.9227
591,0.547540938460769,0.9226
592,0.5479783563060643,0.9229
593,0.5473360818003323,0.9214
594,0.547234889861651,0.9221
595,0.5472594790502402,0.9236
596,0.5472455173342806,0.9222
597,0.5467727118294806,0.9223
598,0.5469117294031978,0.9231
599,0.546906298589697,0.9228
600,0.5471105159502722,0.9227
601,0.5463842614472368,0.9234
602,0.5469231484737647,0.9223
603,0.5467434296545436,0.923
604,0.5461936472769916,0.9236
605,0.5462750414570444,0.9228
606,0.5462012555706738,0.9229
607,0.5462087491019576,0.9225
608,0.5463934436230043,0.9225
609,0.5458997801927841,0.9228
610,0.5461105979253431,0.923
611,0.545855750545846,0.9226
612,0.5457346436549596,0.9223
613,0.5454563324223214,0.9233
614,0.5454861034922689,0.9236
615,0.5453370533318691,0.9234
616,0.5451502052897793,0.9237
617,0.5451260284574116,0.9233
618,0.5447013071116565,0.923
619,0.5451910568086843,0.9238
620,0.5450881618375961,0.9233
621,0.544481157037629,0.9235
622,0.5444444679453055,0.9241
623,0.5443371921905622,0.9237
624,0.5442827187730744,0.9234
625,0.544384792509659,0.9248
626,0.5437298798324498,0.9239
627,0.5438649881845462,0.924
628,0.5437486653431349,0.9237
629,0.543471940325587,0.9241
630,0.5435615692864019,0.9245
631,0.5434978408477625,0.9237
632,0.5432644888760406,0.9236
633,0.5439078638297122,0.9233
634,0.5434341295434862,0.924
635,0.5432836493922113,0.9245
636,0.5430882390840663,0.9239
637,0.5427770851024181,0.924
638,0.5435681106172667,0.9234
639,0.5427882821141193,0.9233
640,0.5425508418344851,0.9241
641,0.5428065610349954,0.9246
642,0.5431096139982314,0.923
643,0.5423969289524979,0.9242
644,0.5426841531703442,0.9232
645,0.5421736390286062,0.9229
646,0.5423414726296637,0.924
647,0.5422053577856056,0.9238
648,0.5418621783301776,0.9234
649,0.5420076257514451,0.9241
650,0.5416515211532003,0.9236
651,0.5420013784751815,0.9241
652,0.5420723703829633,0.9254
653,0.5414903473520556,0.9242
654,0.5418330608141682,0.9245
655,0.5413991462388708,0.9232
656,0.5413575135784698,0.9234
657,0.5408817305621977,0.9241
658,0.5408623502636912,0.9246
659,0.540667204676552,0.9238
660,0.5414959776023023,0.9246
661,0.5407535549935115,0.9239
662,0.541017028196165,0.923
663,0.5410788994995247,0.9239
664,0.54082915791087,0.924
665,0.5403361569706326,0.9242
666,0.5410972942735374,0.9239
667,0.5409411993794815,0.9227
668,0.5404989195896754,0.9233
669,0.5403370939213055,0.9232
670,0.5403050565951273,0.9241
671,0.5401373293901975,0.9238
672,0.5397771115942274,0.9238
673,0.5401532182175142,0.9229
674,0.5395954003743818,0.9242
675,0.5397088011791432,0.9237
676,0.5395894131042698,0.9237
677,0.5398508408195919,0.9238
678,0.5399086792576152,0.9241
679,0.539495242502334,0.9243
680,0.5396466280918475,0.925
681,0.5392802336081561,0.9236
682,0.5391286485198281,0.9238
683,0.5391413804503039,0.9231
684,0.5395955554028569,0.9233
685,0.5391423219598277,0.9243
686,0.5389937397825812,0.9245
687,0.5388188737215698,0.9253
688,0.5388289584845741,0.9251
689,0.5389133354883201,0.9249
690,0.5393194537470679,0.9245
691,0.5386829266671784,0.9248
692,0.5383824400273094,0.9249
693,0.5385794417614365,0.925
694,0.5383331531710036,0.9249
695,0.5380249391370924,0.9248
696,0.5381013938444089,0.9245
697,0.5381902950690088,0.9258
698,0.537854265856001,0.9252
699,0.5379164461591923,0.9248
700,0.5376402822939707,0.9254
701,0.5380015697105812,0.9247
702,0.5376242799602745,0.9248
703,0.5377100837675287,0.9251
704,0.5373818537153785,0.9259
705,0.5379253706921985,0.9251
706,0.5379512163667663,0.9257
707,0.537571379830474,0.9247
708,0.5371704090420095,0.9255
709,0.5372085714078768,0.9256
710,0.5369679530845513,0.9255
711,0.5369779717311339,0.9247
712,0.5372629928876199,0.9255
713,0.5374347154575961,0.9247
714,0.5376136975781453,0.9255
715,0.5371080880559014,0.9253
716,0.5367757198771923,0.9252
717,0.5370408265865224,0.9248
718,0.5365084161384579,0.9254
719,0.5368063618977928,0.9253
720,0.5366887158921473,0.9253
721,0.5366835111049327,0.925
722,0.5367539009554689,0.9247
723,0.5364697165242802,0.9252
724,0.536298890588233,0.9252
725,0.5362668262023733,0.9254
726,0.5362659058318928,0.9251
727,0.536419956939372,0.9245
728,0.5362688870525661,0.9253
729,0.5362754423726813,0.9255
730,0.5369603082344573,0.9252
731,0.5361872545014263,0.9266
732,0.5357075901848135,0.9255
733,0.5355684845756181,0.9257
734,0.5359551827480922,0.9256
735,0.5360169205679648,0.9239
736,0.5355200251974581,0.9249
737,0.53539862959332,0.9253
738,0.5359872531650252,0.9262
739,0.5354742965037482,0.9257
740,0.5354167522051541,0.9263
741,0.5357579055292061,0.924
742,0.5354704246558776,0.9258
743,0.5352605111947785,0.9242
744,0.5348847077781643,0.9256
745,0.5349152151688761,0.9254
746,0.5352093780702416,0.9253
747,0.5348601655378119,0.9262
748,0.5346701228681493,0.9254
749,0.5346415325266342,0.9263
750,0.5344746207104488,0.9254
751,0.5347401704527068,0.9255
752,0.5350818287583705,0.9252
753,0.5351367347234164,0.9248
754,0.5346548190539011,0.9251
755,0.5342227857739129,0.9258
756,0.5344260560960208,0.9258
757,0.534008739155683,0.9269
758,0.5341745848387788,0.9268
759,0.5346752598647063,0.9253
760,0.5345381873111176,0.9263
761,0.534078654814131,0.9263
762,0.5348596131988066,0.9262
763,0.5340217060034181,0.9258
764,0.5341161530101673,0.9259
765,0.5339979972367833,0.9262
766,0.5339964504300893,0.9262
767,0.5337760599762743,0.926
768,0.5339787789961961,0.9275
769,0.5342493049657353,0.9258
770,0.5335186940369929,0.9273
771,0.534078262849095,0.9264
772,0.5331107356831011,0.9266
773,0.5332427363418687,0.9259
774,0.5337887706706756,0.926
775,0.5333650178519063,0.9263
776,0.5331100283045686,0.9258
777,0.5333134979799682,0.9266
778,0.5329253043132027,0.9271
779,0.5329377927713781,0.9277
780,0.532651970634705,0.927
781,0.532739507049598,0.9273
782,0.5330538061053893,0.9271
783,0.5330581434065403,0.9265
784,0.5327659596218307,0.9268
785,0.5326912684842449,0.9273
786,0.5331574379653269,0.9263
787,0.5326664863658727,0.9269
788,0.5327018558766002,0.9274
789,0.5326803608838581,0.9277
790,0.5330044509261967,0.9268
791,0.532317139015537,0.9273
792,0.5322371681952882,0.9271
793,0.5326556873405448,0.927
794,0.5328500343652974,0.927
795,0.5324669498289908,0.9272
796,0.5324947725279017,0.9265
797,0.5325298056339431,0.9277
798,0.5320566014441265,0.9276
799,0.5321249709474597,0.9271
800,0.5321893795560235,0.9269
801,0.5322071339480103,0.9265
802,0.5321491682552516,0.9278
803,0.5319230903266369,0.927
804,0.5320377364716273,0.9271
805,0.5317559262015542,0.9272
806,0.5319688084942186,0.9269
807,0.5317422542031753,0.9271
808,0.5314542185646154,0.9268
809,0.5319463004208385,0.9262
810,0.5316362928623835,0.9274
811,0.5314238120204735,0.9274
812,0.5316658371927783,0.9271
813,0.5321926801939016,0.9266
814,0.5317220554493226,0.9268
815,0.5312055638581358,0.9261
816,0.5315641327006007,0.9267
817,0.5312904613113242,0.9268
818,0.5310484379136579,0.926
819,0.5313421695746037,0.9259
820,0.5311284536846139,0.9251
821,0.5312210138213074,0.9267
822,0.5311463169414388,0.9277
823,0.5310181273248541,0.9285
824,0.5312277089074002,0.9274
825,0.5305913693840032,0.9277
826,0.5308813572401949,0.9269
827,0.530725172366791,0.9269
828,0.5307037119497462,0.9262
829,0.5306926353990744,0.9271
830,0.5309005646728296,0.927
831,0.5303479020094315,0.9274
832,0.5304945137404211,0.9266
833,0.5304607916804018,0.9277
834,0.5304899084147219,0.9272
835,0.530325364229742,0.9269
836,0.5300439593299526,0.9262
837,0.5304182901159126,0.927
838,0.5300375838909572,0.9277
839,0.5301306396576692,0.9273
840,0.5302668790149893,0.927
841,0.5300223734753534,0.9279
842,0.5300409883651944,0.928
843,0.5298223955292946,0.9273
844,0.5297785264664996,0.9268
845,0.5299938907380611,0.9276
846,0.529866860961613,0.9283
847,0.5299033245950071,0.9267
848,0.5298764671796952,0.9272
849,0.5298284041863083,0.9277
850,0.5302673924113459,0.929
851,0.5302306421600705,0.9284
852,0.5296459241824615,0.9281
853,0.5299063669584456,0.9289
854,0.530072772899299,0.9291
855,0.5297766825592342,0.9284
856,0.5294833458065421,0.9282
857,0.5294896598111001,0.9277
858,0.5300798864743249,0.9269
859,0.5298705810906021,0.9273
860,0.5294473131123751,0.9281
861,0.5295453650665036,0.9283
862,0.5294481781556306,0.9274
863,0.5291161595821894,0.9276
864,0.5290535548375148,0.9278
865,0.5291776242355386,0.927
866,0.5295333871540543,0.9275
867,0.5291262933676679,0.9276
868,0.5289827936934163,0.9279
869,0.5292452836247438,0.9288
870,0.5289454173256278,0.9278
871,0.5287987794549984,0.9282
872,0.5288370609970313,0.9273
873,0.5291650626033177,0.9278
874,0.5289130358101851,0.9278
875,0.5286865178820757,0.9282
876,0.5285833884667938,0.9285
877,0.5286566587784483,0.9277
878,0.5291400651439301,0.9277
879,0.5289550523789998,0.9275
880,0.528867283138493,0.9276
881,0.5286658788008269,0.9287
882,0.5283975867171006,0.9278
883,0.5284858487288672,0.9276
884,0.5283607551852122,0.9271
885,0.5281193297804866,0.9285
886,0.5282603794118181,0.928
887,0.5284919038121522,0.9285
888,0.5279793710634801,0.928
889,0.5285125341063689,0.9282
890,0.5279885338346957,0.9277
891,0.5280779285642918,0.9275
892,0.5282927414716273,0.929
893,0.52842697251431,0.9281
894,0.5281307611165831,0.928
895,0.5280509875502333,0.928
896,0.5280120761197525,0.9288
897,0.5277376866006441,0.9274
898,0.5276501498465155,0.9282
899,0.5276680652752622,0.9279
900,0.5275185058461871,0.9276
901,0.5274616920432715,0.9284
902,0.5278244484224519,0.9288
903,0.5275113052965308,0.9287
904,0.5276937738489489,0.9286
905,0.5274650134986659,0.9284
906,0.52756381037796,0.9287
907,0.527574791631608,0.9286
908,0.5276266208651716,0.9295
909,0.5274982758403645,0.93
910,0.5272860746943028,0.9286
911,0.5274004268940878,0.929
912,0.5272821667176659,0.9291
913,0.527852358388911,0.9282
914,0.5284756419254354,0.9292
915,0.52725137417256,0.9283
916,0.5272317363127635,0.9288
917,0.5272074564379241,0.9286
918,0.5271126188139159,0.9293
919,0.5270873293859223,0.9293
920,0.5269719168762278,0.9303
921,0.5273293456543406,0.9297
922,0.5269710928475925,0.9304
923,0.5270591185330852,0.9298
924,0.52698263725301,0.9309
925,0.5268620873486223,0.9296
926,0.5273323969639702,0.9291
927,0.5273027580388122,0.9296
928,0.5266390643772446,0.9284
929,0.5267080454109028,0.9291
930,0.5270068867422644,0.9304
931,0.5268004885615292,0.9292
932,0.526707058732012,0.9294
933,0.526649314702061,0.9293
934,0.5271622012103684,0.9299
935,0.5271341888710261,0.9288
936,0.5265025362297159,0.9301
937,0.5264767925217749,0.9298
938,0.5266788170499482,0.9289
939,0.5267875774411394,0.9289
940,0.5263223295303754,0.9294
941,0.5263840971908501,0.9289
942,0.5262936426932732,0.9288
943,0.5265131290660123,0.928
944,0.526110749743965,0.93
945,0.5263428625004875,0.929
946,0.526444441783568,0.929
947,0.5264985065419578,0.931
948,0.5264194724515678,0.9297
949,0.5268265810426573,0.9287
950,0.526123385670319,0.9296
951,0.5261029393781231,0.9289
952,0.5262163022466836,0.9298
953,0.5264550150319712,0.9286
954,0.5258584250203948,0.9293
955,0.5257505618047406,0.9284
956,0.5259006506178131,0.9291
957,0.5258736441738229,0.929
958,0.5258027897266419,0.9294
959,0.5258722374725111,0.9289
960,0.5257382921781905,0.929
961,0.5261258898467258,0.9291
962,0.5257685487052981,0.9292
963,0.5261822397881608,0.9294
964,0.5261447568737098,0.9294
965,0.5254537131678494,0.9291
966,0.5254888032032412,0.9297
967,0.5257586444125933,0.9295
968,0.5255999631004198,0.9292
969,0.5256672041849798,0.9295
970,0.5254157616128003,0.9304
971,0.5255493389426962,0.9296
972,0.5254013676723702,0.9293
973,0.5252147268700621,0.9296
974,0.525364697047958,0.9287
975,0.5256269652019969,0.9289
976,0.5253732836860425,0.9295
977,0.525095396199933,0.9285
978,0.5251157422073857,0.9302
979,0.5250490066739278,0.9292
980,0.5251592253253737,0.9295
981,0.525032260050931,0.9299
982,0.5253077293002689,0.9299
983,0.5251349432574526,0.9303
984,0.5253273623261827,0.929
985,0.5256158981997491,0.9285
986,0.5258592802250246,0.9288
987,0.5257680687693269,0.9298
988,0.5250885253623526,0.93
989,0.5250165750417151,0.9296
990,0.52503329907839,0.9295
991,0.5252671884908109,0.9303
992,0.5249509556326365,0.9302
993,0.5251341729199998,0.9305
994,0.5249853410758106,0.9297
995,0.5248964516587499,0.9291
996,0.5247533143736266,0.9298
997,0.524806385634034,0.9294
998,0.524659294665977,0.9291
999,0.5246609694752069,0.9306
1000,0.5247315245461069,0.9296
