# Configuration:

dataset name: rcv1
model name: softmax classification
num_clients: 100
participation_rate: 0.05
num_classes: 10
numLocalEpochs: 5
learning_rate: 0.001
lambda: 0.01
mu: 0.0001
num_classes: 10
# Results:

round,obj,test
1,1.0483235506243356,0.8174
2,0.8110062710806432,0.8469
3,0.7199957011844409,0.855
4,0.6708906034400586,0.8659
5,0.6416936090388166,0.8724
6,0.6236062586081113,0.8767
7,0.6093612682839563,0.8808
8,0.5994110783622286,0.8829
9,0.5919221715087357,0.8848
10,0.5877904104513265,0.8864
11,0.5828998244179155,0.888
12,0.5799930591731197,0.889
13,0.578072497903845,0.8907
14,0.5761321374318225,0.8919
15,0.5723439815931114,0.8944
16,0.571567665728676,0.893
17,0.570288347092517,0.8953
18,0.5698366215268991,0.8964
19,0.5687509675180404,0.8976
20,0.5676441884344328,0.898
21,0.5675579790489363,0.8959
22,0.5670502920784639,0.8968
23,0.5677323072691746,0.8982
24,0.5659102666538027,0.8981
25,0.5655579712079407,0.8982
26,0.5653009508003701,0.8973
27,0.5663761794253755,0.9001
28,0.5657658545844922,0.8995
29,0.5665548113810807,0.8983
30,0.5635923186905649,0.901
31,0.5635257495796124,0.9014
32,0.5653663944192099,0.9018
33,0.5645625197017221,0.901
34,0.5642044265037193,0.9002
35,0.5627599375208471,0.9012
36,0.5632922252892552,0.9001
37,0.5632370174481715,0.901
38,0.5633840911867272,0.9016
39,0.5626396525936563,0.9019
40,0.5618280441864257,0.902
41,0.5614857668478543,0.9012
42,0.5618424570984167,0.9019
43,0.5619235504189257,0.9012
44,0.5629420653788572,0.9036
45,0.5629930738462958,0.9022
46,0.5627677312290881,0.9017
47,0.5640726442799772,0.9006
48,0.5642369487676474,0.9
49,0.5631316316533129,0.901
50,0.563312164004472,0.9016
51,0.5623387785649617,0.9028
52,0.5624408943319817,0.9017
53,0.5634537870728047,0.9015
54,0.5628642506615487,0.9013
55,0.5635094763476226,0.9014
56,0.5628852821020451,0.9009
57,0.5620768632575986,0.901
58,0.5626051108170517,0.9012
59,0.5627101516345846,0.8998
60,0.5622410087691485,0.9021
61,0.5625751544010295,0.901
62,0.5645693732181664,0.9002
63,0.5635150779445776,0.901
64,0.5635498874196688,0.9025
65,0.5623383287259806,0.9026
66,0.5625118064300103,0.9032
67,0.5625802333461825,0.9019
68,0.5627660854479005,0.9027
69,0.5623643089251728,0.9014
70,0.5627269829235473,0.9017
71,0.5624048839813554,0.9012
72,0.5634423019129179,0.9016
73,0.563851651217326,0.9017
74,0.5625458335240807,0.9018
75,0.5642638862989846,0.901
76,0.5611913671716197,0.9033
77,0.5618568019095135,0.903
78,0.5631198349629697,0.903
79,0.5619463450893842,0.9044
80,0.5616414389703088,0.903
81,0.5630608114001336,0.9023
82,0.5620759179638558,0.9011
83,0.5615637192286255,0.9029
84,0.5616969695752582,0.9022
85,0.56200818341652,0.9034
86,0.5621210320110108,0.9026
87,0.5620758017790481,0.9032
88,0.5616523881190372,0.9017
89,0.5621161876133746,0.9035
90,0.5615913987166822,0.9024
91,0.5616189527849457,0.9035
92,0.5619400128730458,0.9029
93,0.5620092807925764,0.9031
94,0.5621578608583272,0.9018
95,0.5622250057964828,0.9031
96,0.5618828225366045,0.9028
97,0.5631685690338866,0.9017
98,0.5621687615397098,0.903
99,0.5631560030535521,0.902
100,0.562351890782129,0.9014
101,0.5630232647435262,0.9
102,0.5632298222731086,0.9004
103,0.5613448240255311,0.9008
104,0.5627510037040964,0.9011
105,0.5624844062798842,0.901
106,0.5629005495744351,0.9006
107,0.5628377818021268,0.9017
108,0.5625078282181535,0.9018
109,0.5627531492197215,0.9016
110,0.5628596236528413,0.9005
111,0.5625893969480169,0.9016
112,0.5615068688940832,0.9029
113,0.5622519549023928,0.9028
114,0.5626052446819261,0.9015
115,0.5634254102228761,0.9013
116,0.563333788151733,0.9021
117,0.5625459773577908,0.9024
118,0.5622447194977324,0.9033
119,0.562819328960876,0.9014
120,0.5626684824274469,0.9015
121,0.5622368134470548,0.9028
122,0.5633955459830002,0.9021
123,0.563847879741919,0.9015
124,0.5624131748689484,0.9026
125,0.5640297498382771,0.904
126,0.5635205243078681,0.9034
127,0.5617971668439147,0.9033
128,0.5627223084039052,0.9026
129,0.562700789003388,0.9013
130,0.5632500782672842,0.9019
131,0.5620629016273088,0.9016
132,0.563082696885663,0.9013
133,0.563355450376021,0.901
134,0.5621598490984046,0.9009
135,0.5619282136252189,0.901
136,0.5621487458653702,0.9014
137,0.5631411449697399,0.9015
138,0.5634431682071627,0.9002
139,0.5621315294086792,0.9013
140,0.5645866743602208,0.9028
141,0.5618011118493986,0.9025
142,0.5636338396181015,0.9015
143,0.5626627210303369,0.9032
144,0.5627136523787464,0.9038
145,0.5629449624376399,0.9008
146,0.5625371543651456,0.9013
147,0.5616249816727639,0.9006
148,0.5629125088991022,0.8991
149,0.5614496913174952,0.9022
150,0.5623543772809716,0.9008
151,0.562466631253602,0.9037
152,0.5619535046045333,0.9015
153,0.5626450059200042,0.9028
154,0.5645056671211149,0.9021
155,0.562500957397676,0.903
156,0.5623536445888744,0.9024
157,0.5622973565940403,0.9032
158,0.561165518134328,0.9029
159,0.5614296250392372,0.9032
160,0.5624209738150769,0.9027
161,0.5618259443717778,0.9012
162,0.5632864321035712,0.9037
163,0.5637721733797614,0.9027
164,0.5629341011572848,0.9032
165,0.5625641088306929,0.9034
166,0.5640328236394936,0.9039
167,0.5623752928552868,0.9025
168,0.562766964786449,0.9035
169,0.561794918094682,0.903
170,0.5623906275084435,0.9031
171,0.5635729344881848,0.9041
172,0.5632621679502087,0.902
173,0.5630744787677491,0.9025
174,0.5620614122428716,0.9036
175,0.5626338946186024,0.9033
176,0.5622711995840298,0.9024
177,0.5629911108661492,0.9036
178,0.5628352646619538,0.9031
179,0.5622101016983474,0.904
180,0.5632587847226047,0.9024
181,0.5625457185057497,0.9036
182,0.5627649296993376,0.9023
183,0.5620026257118598,0.9022
184,0.5623886756191467,0.904
185,0.5639100147483421,0.9032
186,0.5621830828033129,0.9039
187,0.5624571028930644,0.9026
188,0.5620410663932948,0.9039
189,0.5621803206551754,0.9057
190,0.5630365934339616,0.905
191,0.5629307137365805,0.9044
192,0.5632097694956475,0.9028
193,0.5641808721305528,0.9024
194,0.5633082360572139,0.9026
195,0.5618655310104638,0.9033
196,0.5618837658181457,0.9051
197,0.5619882622222216,0.9051
198,0.5619678169986023,0.9046
199,0.5632657428962108,0.9034
200,0.5616285834223597,0.9061
201,0.5622572722469841,0.9045
202,0.5627442782068662,0.9043
203,0.5613927483890956,0.9037
204,0.5634984435367476,0.903
205,0.5633649917318496,0.9051
206,0.5620388920301287,0.9047
207,0.5622579124352585,0.9033
208,0.5621500957369192,0.9033
209,0.5618988748302378,0.9031
210,0.5621018612320555,0.9021
211,0.5638195419974864,0.9038
212,0.5624590580459258,0.9037
213,0.5650227130544,0.9016
214,0.5637928175116782,0.9069
215,0.5621181997504539,0.9054
216,0.5638841444784538,0.9031
217,0.5622413319683972,0.9028
218,0.5640587832652861,0.904
219,0.5631713093689092,0.9037
220,0.5633209035993592,0.9028
221,0.5636271050930811,0.9031
222,0.5637948480708153,0.9022
223,0.5638785226926181,0.901
224,0.5617828058609724,0.9033
225,0.561304566692585,0.9027
226,0.5614201221660654,0.9029
227,0.5624171234272167,0.9038
228,0.5628079714346695,0.9026
229,0.5623151957038907,0.9029
230,0.5625287458064908,0.9034
231,0.5618649708660765,0.9047
232,0.5625305559912787,0.9038
233,0.5619838668967146,0.9025
234,0.5615011590569189,0.9033
235,0.5619497259029826,0.9036
236,0.5620615103531225,0.9033
237,0.5624003457971514,0.9026
238,0.5617695201891627,0.9033
239,0.5615874174016636,0.9011
240,0.5634720032198531,0.9012
241,0.5618032910285289,0.9022
242,0.5631054425807152,0.9011
243,0.5621490203480222,0.9034
244,0.5611285271728457,0.9032
245,0.5627973700779244,0.9015
246,0.5626013691485887,0.9033
247,0.5612145737146271,0.9038
248,0.5633834178187151,0.9016
249,0.5622612586775013,0.9047
250,0.56154802963367,0.906
251,0.5621689830576009,0.9053
252,0.5625000439100005,0.9042
253,0.5617174083654545,0.9033
254,0.5621625773236043,0.9039
255,0.5621996610808305,0.9042
256,0.5614198953917836,0.9031
257,0.5629231879910412,0.9032
258,0.562232168302924,0.9032
259,0.562736119744983,0.903
260,0.5614094948589683,0.904
261,0.5620781951530679,0.903
262,0.5619781679981193,0.903
263,0.5618157859702392,0.9029
264,0.5612249183262193,0.9045
265,0.5620852745629159,0.9028
266,0.561752222175369,0.9028
267,0.5625446525778558,0.9027
268,0.5621111967190671,0.9031
269,0.5626535137147332,0.903
270,0.5616359856795277,0.9025
271,0.5616029157661826,0.9028
272,0.5618818411353136,0.9023
273,0.5615089958258481,0.9018
274,0.5616046021462495,0.9023
275,0.5638954774932106,0.9015
276,0.5620307834429094,0.9033
277,0.561862775013778,0.9045
278,0.5619285776273161,0.9032
279,0.5622773280211331,0.9019
280,0.5616705616192034,0.9024
281,0.5622281601601814,0.9031
282,0.5616815079358161,0.9036
283,0.562781207069294,0.9023
284,0.5632572032625385,0.9005
285,0.5632880872687441,0.8992
286,0.5628401663540733,0.9015
287,0.5619254716903338,0.9028
288,0.5629187901441509,0.9014
289,0.5633893256939543,0.902
290,0.5627983277456498,0.9027
291,0.5635137938846004,0.9036
292,0.5615167089490382,0.9041
293,0.5616510835520152,0.903
294,0.5619361103585767,0.9026
295,0.5629618087665875,0.9034
296,0.5620400789854557,0.9023
297,0.561835523576976,0.9028
298,0.564093756773798,0.9008
299,0.5626108716181357,0.902
300,0.5631524576619215,0.9027
301,0.5636909299871157,0.9042
302,0.5621639228005197,0.9041
303,0.5633089216934725,0.9034
304,0.5613605188672462,0.9054
305,0.5618603323022164,0.9063
306,0.5621214705554934,0.9036
307,0.5627808145369734,0.9047
308,0.5611803239252358,0.9034
309,0.5621335804366397,0.9025
310,0.5620528915361841,0.9041
311,0.5628548971955027,0.9033
312,0.5629156705222176,0.9021
313,0.5616283555173713,0.9019
314,0.5623789005695579,0.903
315,0.5612548024676297,0.9044
316,0.5625154510893777,0.9033
317,0.5633758119843516,0.9029
318,0.5632703250734218,0.901
319,0.5632233014685732,0.9017
320,0.5620576266857945,0.9045
321,0.5617630512716256,0.9036
322,0.5622464709553953,0.9042
323,0.562488072133547,0.9047
324,0.5630562933382351,0.9031
325,0.5619916586395594,0.9039
326,0.5631921892210535,0.9044
327,0.5630385773990493,0.9036
328,0.5622554742844166,0.9025
329,0.5622792156185087,0.904
330,0.562679912146876,0.903
331,0.5631528313241485,0.9017
332,0.5628400396307147,0.9008
333,0.5634442498180822,0.9042
334,0.5636325483300586,0.901
335,0.5622393750595353,0.9017
336,0.5623705627241766,0.9017
337,0.56273685513797,0.9041
338,0.5628099743825885,0.9032
339,0.5625631678779807,0.9027
340,0.5615504943151902,0.9036
341,0.5626364599865107,0.9037
342,0.562406266389313,0.902
343,0.5614916764954001,0.903
344,0.5620736697228408,0.9016
345,0.5630861253861965,0.9019
346,0.5619485002788837,0.9048
347,0.561774852062318,0.9041
348,0.563010285080325,0.9036
349,0.5618732128790641,0.9035
350,0.5612958881461491,0.9036
351,0.5609822011892668,0.9034
352,0.5614371843917427,0.9037
353,0.5627546920232341,0.905
354,0.5612508821617095,0.9019
355,0.5611673369305199,0.9026
356,0.5617569747313114,0.9044
357,0.5624350446232509,0.9039
358,0.5625475537351023,0.9022
359,0.5622337479685067,0.9024
360,0.5624101284752482,0.9019
361,0.5610444792685012,0.9043
362,0.5615867090854967,0.9042
363,0.5622043918843556,0.9027
364,0.5619984890999196,0.904
365,0.5623012316957521,0.9019
366,0.5614869922968305,0.9038
367,0.561834429537542,0.9047
368,0.5631792146572666,0.9045
369,0.5615328547901298,0.9028
370,0.5624501947452739,0.9033
371,0.5628755200572269,0.9049
372,0.5627661378214344,0.903
373,0.5619765697102374,0.9028
374,0.5616551064778638,0.9035
375,0.5615605647276022,0.9052
376,0.5633569978857651,0.9041
377,0.5628920839997269,0.9026
378,0.5618604124657761,0.9024
379,0.5621642904261523,0.9027
380,0.5620451952814384,0.9034
381,0.5619844188046887,0.9032
382,0.5616329821959631,0.9049
383,0.5626710709300817,0.9039
384,0.5619081383361446,0.9049
385,0.5620884083769272,0.904
386,0.5628535172689534,0.9042
387,0.5626662077833806,0.9061
388,0.561873608150121,0.9058
389,0.5615903423759557,0.9028
390,0.5618132682872227,0.9036
391,0.5612464290971283,0.904
392,0.5613996734542396,0.9029
393,0.5615749961655515,0.9034
394,0.5617026025397797,0.9028
395,0.562054935897389,0.9006
396,0.5620063989081507,0.9015
397,0.5612046487136465,0.9033
398,0.5611324139298445,0.9019
399,0.56177577746003,0.9021
400,0.562326368109537,0.9019
401,0.5619086635778979,0.9023
402,0.5627181891304164,0.9009
403,0.5618435062229415,0.9043
404,0.5626473348600279,0.9048
405,0.5621169038412624,0.9027
406,0.5624139812228589,0.9035
407,0.5618212295486785,0.9045
408,0.5623763386464229,0.9015
409,0.562092684118832,0.9009
410,0.5624876909857406,0.9
411,0.562952239941491,0.9028
412,0.5621157408770853,0.9037
413,0.5626990814545354,0.9036
414,0.5623617799340908,0.9015
415,0.5631547658447846,0.9015
416,0.5613408941308476,0.9033
417,0.5626564988248659,0.9048
418,0.5617988785712805,0.9046
419,0.5646669222823827,0.9021
420,0.5640334138178111,0.9025
421,0.5620889844796858,0.9049
422,0.5631581184854032,0.9044
423,0.56312546934355,0.9048
424,0.5620515927109574,0.9062
425,0.5630886968078282,0.9047
426,0.5626787348727228,0.9033
427,0.5622714761704158,0.9034
428,0.5626913047040862,0.9029
429,0.563312403190977,0.9052
430,0.5629843210573151,0.9049
431,0.563814408257513,0.9036
432,0.5622522955683534,0.9036
433,0.5624561405198643,0.9041
434,0.56324409333665,0.9032
435,0.56204395300373,0.9039
436,0.5629314918402134,0.9017
437,0.5631379835304221,0.9029
438,0.5622705865469304,0.9027
439,0.5618004357686412,0.9043
440,0.5615434312826222,0.904
441,0.564128900233894,0.9015
442,0.5624769895227324,0.9035
443,0.5630386677780856,0.9039
444,0.5615308921133372,0.9027
445,0.5633958122860314,0.9051
446,0.5618178085181789,0.9042
447,0.5627490427820356,0.9021
448,0.562525696164177,0.9018
449,0.5624816393234328,0.9027
450,0.5623193512098872,0.9031
451,0.5624413714417441,0.9041
452,0.562534121477336,0.9031
453,0.5624734293302076,0.9028
454,0.5630616153155699,0.9012
455,0.5627735619290654,0.9005
456,0.5635359879904583,0.9021
457,0.562765493346181,0.9019
458,0.5628434359089123,0.9023
459,0.5620554244570047,0.9044
460,0.5616365254666131,0.9033
461,0.5626241014600379,0.9027
462,0.561834116202226,0.9047
463,0.561990503543953,0.9017
464,0.5629915186076323,0.9025
465,0.561579541519602,0.9022
466,0.5614909365556375,0.9011
467,0.5619106000508832,0.9009
468,0.5630881119480705,0.9009
469,0.5610802437665251,0.9037
470,0.5613602551244423,0.9037
471,0.5612912459556851,0.904
472,0.5612458508499526,0.9043
473,0.5634315332313409,0.9026
474,0.5651133241363796,0.9004
475,0.5640277529853226,0.9039
476,0.5633701348110868,0.9025
477,0.5627258597422637,0.903
478,0.5619012411491418,0.9031
479,0.5619666655815808,0.9029
480,0.5618960646528226,0.9027
481,0.5619797631543786,0.9027
482,0.5625734500418409,0.9051
483,0.5618073062080173,0.9048
484,0.5623090920581683,0.9046
485,0.5621135485102482,0.9034
486,0.5620719397813546,0.9046
487,0.5617093149685654,0.9047
488,0.5612529983684685,0.9035
489,0.5620789533800088,0.9044
490,0.5634820569762592,0.9034
491,0.5620194988938579,0.9034
492,0.562540654098514,0.9048
493,0.5622766611751171,0.9038
494,0.5635807458518887,0.9017
495,0.5620139777913178,0.902
496,0.5621207641213736,0.9023
497,0.5621444175960508,0.9029
498,0.5626199867717454,0.9028
499,0.5646319605985106,0.903
500,0.5625943930566223,0.9018
501,0.5617617293634971,0.9043
502,0.5628165573221701,0.9036
503,0.5622776665238542,0.904
504,0.5626020588776205,0.9033
505,0.5625921279781083,0.9056
506,0.5625950884431044,0.9053
507,0.5618235506463464,0.9027
508,0.5619945902970116,0.9049
509,0.5617423674645865,0.9034
510,0.5620043755193833,0.9008
511,0.5614202945078028,0.9025
512,0.5612641689060627,0.9027
513,0.5618998651749217,0.903
514,0.5619999877332491,0.903
515,0.5619764099812102,0.9024
516,0.5617728655225904,0.9037
517,0.563545291969242,0.902
518,0.5618123692385342,0.9052
519,0.5623931512039594,0.9038
520,0.5618289655490116,0.9034
521,0.56199578840459,0.9046
522,0.5619379227149734,0.9046
523,0.5616104647776567,0.9029
524,0.5607725366303044,0.9038
525,0.5627038551821726,0.9034
526,0.5626728349216482,0.9034
527,0.5628856966998022,0.9039
528,0.5616512813462825,0.9048
529,0.5622617371760481,0.9046
530,0.5624478832486689,0.9029
531,0.5630462600939308,0.9012
532,0.5616775960782862,0.9043
533,0.561661976519627,0.9036
534,0.5617431232147152,0.9038
535,0.5628774300195025,0.9033
536,0.5631909847099216,0.9031
537,0.562625886523449,0.9032
538,0.5614558415129377,0.9049
539,0.5612913843998727,0.9046
540,0.5631256471268454,0.9048
541,0.563576785718488,0.9047
542,0.5635653662159116,0.9024
543,0.5630504003272887,0.9041
544,0.5609266763448327,0.904
545,0.5611436513696803,0.9042
546,0.5612811370298371,0.9039
547,0.5635334599143498,0.9038
548,0.5618106734004813,0.9052
549,0.56156943804268,0.9036
550,0.5638043528285178,0.9057
551,0.5618747450875577,0.9057
552,0.5629202676515583,0.9025
553,0.5615145143674708,0.904
554,0.5642531239071237,0.901
555,0.5628587319937817,0.9032
556,0.5630653875412728,0.9021
557,0.5622700412076718,0.9039
558,0.5631339811325946,0.9033
559,0.5618996886707553,0.9039
560,0.5635915992712343,0.9037
561,0.5630998172038807,0.9031
562,0.5627791131843216,0.9047
563,0.5622380011725602,0.903
564,0.5618570862099014,0.9032
565,0.5623036787201617,0.9028
566,0.5613413859824867,0.9018
567,0.5617983200558986,0.9023
568,0.5618223272835629,0.9037
569,0.562173282102398,0.9034
570,0.5618317749477488,0.9029
571,0.5612745541200167,0.9034
572,0.561981115316528,0.9032
573,0.5612212226197026,0.9046
574,0.5619174090078729,0.9017
575,0.5621732986006561,0.9023
576,0.5614562088650416,0.9037
577,0.563246321819181,0.9032
578,0.5620673532467081,0.9028
579,0.561605027338857,0.9027
580,0.561145219963156,0.9037
581,0.5623346530336053,0.9013
582,0.5622471597594101,0.9021
583,0.5630324228281799,0.901
584,0.5628673977241142,0.9033
585,0.5632905256602485,0.9025
586,0.5631280363417557,0.9017
587,0.5648358734835225,0.9023
588,0.5642625555116276,0.9038
589,0.5636132287998307,0.9029
590,0.5635394112135295,0.9025
591,0.5626158109532567,0.9038
592,0.5629355875956449,0.904
593,0.5622000624827586,0.9053
594,0.5619743646340194,0.9035
595,0.5622986367178318,0.9038
596,0.5618784371890855,0.9041
597,0.5620067127615639,0.9028
598,0.561446394198316,0.9028
599,0.5619322241826953,0.9029
600,0.562150468655188,0.9028
601,0.5621762713919559,0.9031
602,0.5615379781701082,0.9023
603,0.5620460623096686,0.9022
604,0.5624173701835141,0.902
605,0.5621966788146141,0.9022
606,0.562711442594144,0.9023
607,0.5630304405391946,0.9027
608,0.5625714115264362,0.9043
609,0.563596447730285,0.9022
610,0.562693526767727,0.9024
611,0.5629258444492137,0.9034
612,0.5629009224964577,0.9021
613,0.5632643488700644,0.902
614,0.5623941343176697,0.9038
615,0.5632614010852199,0.9034
616,0.5629097014391549,0.9024
617,0.563530514992688,0.9018
618,0.5616885903805684,0.9044
619,0.5624356857729265,0.9036
620,0.5627150586502964,0.9025
621,0.5623399570634191,0.9021
622,0.563197355194455,0.9015
623,0.5623869845814401,0.9037
624,0.5617239839843049,0.9029
625,0.5622930701323673,0.9032
626,0.5616350971891855,0.9027
627,0.5614047733253138,0.9033
628,0.5619968797455847,0.9033
629,0.5615452207627636,0.9014
630,0.5614813885671619,0.9038
631,0.5614238895024363,0.9033
632,0.563551394902308,0.9011
633,0.5615582624818022,0.9032
634,0.5632027432143487,0.903
635,0.5620494027171898,0.9029
636,0.5614906902806392,0.9031
637,0.5619134571736066,0.9033
638,0.5612636790118841,0.9027
639,0.5616151039498324,0.9033
640,0.5635180047340583,0.9013
641,0.5624249574019892,0.903
642,0.5631730650809365,0.9027
643,0.563374559217923,0.9017
644,0.5626170085824987,0.9025
645,0.5631543307609734,0.9023
646,0.562008739031343,0.9034
647,0.563609537992198,0.9019
648,0.5629737762921587,0.9024
649,0.5640750656386679,0.9016
650,0.563500192018655,0.9026
651,0.5625001192748375,0.9024
652,0.5638144859253238,0.9023
653,0.5626661684116058,0.9023
654,0.5631089671352665,0.9025
655,0.5615080702041974,0.9022
656,0.5630369354681218,0.9038
657,0.5613402738182016,0.9029
658,0.5621380898938563,0.9037
659,0.5623312685572912,0.9033
660,0.5622724518721047,0.9009
661,0.5618164699436579,0.9031
662,0.5627928462813175,0.9021
663,0.5624799548227377,0.9032
664,0.56202728782997,0.9039
665,0.5624711018924083,0.9031
666,0.562399116275385,0.9044
667,0.5623083588513128,0.9028
668,0.561778838380258,0.9035
669,0.5617197492908512,0.903
670,0.5614210685779931,0.9025
671,0.5631892576486287,0.9016
672,0.5618497949315033,0.9029
673,0.5616837674926527,0.9043
674,0.561298708021148,0.9043
675,0.5606592357220788,0.9043
676,0.5618320634350971,0.9054
677,0.5617782961776355,0.9033
678,0.5621004457240621,0.9051
679,0.5630512698764364,0.9042
680,0.5629476346767158,0.903
681,0.5621008451730215,0.9039
682,0.5619299505895937,0.9037
683,0.5621645274909413,0.9036
684,0.561188518009405,0.9044
685,0.5621634214623337,0.9048
686,0.561139862321972,0.9043
687,0.5613368831478259,0.9052
688,0.5618845191379567,0.9043
689,0.5620467590863155,0.9036
690,0.5640783893336132,0.9026
691,0.562193710601393,0.9027
692,0.5620162174365889,0.9048
693,0.561897966000656,0.9028
694,0.562252382987942,0.9027
695,0.5614692910576046,0.9023
696,0.5620061412898127,0.9023
697,0.5621998698426753,0.9027
698,0.5637203005412788,0.8998
699,0.5623502820219584,0.9026
700,0.5611168574442865,0.9038
701,0.5620931076038659,0.9034
702,0.5616277798182828,0.9043
703,0.5616141022976663,0.9022
704,0.5633468763898756,0.9024
705,0.5622780967647717,0.9024
706,0.5618628675977186,0.9039
707,0.5626792375738274,0.9028
708,0.5618228174333463,0.9047
709,0.5614106428480096,0.9042
710,0.5609031516085704,0.9036
711,0.561643999950703,0.9036
712,0.562071682175197,0.9059
713,0.5620674094438304,0.9031
714,0.562045257769924,0.9037
715,0.5617559665026387,0.9049
716,0.5616865710349774,0.9037
717,0.5623768525992371,0.9041
718,0.5624401945274898,0.9042
719,0.5626082343890559,0.9052
720,0.5634832252049947,0.9034
721,0.5622313135118207,0.9054
722,0.5620590250111266,0.9031
723,0.5640495195080927,0.9038
724,0.5616032070901562,0.9021
725,0.5619350115967439,0.9027
726,0.5623320639409567,0.9036
727,0.5634871453393684,0.9032
728,0.5630804624017492,0.9024
729,0.5629359215533627,0.9012
730,0.5621264580386206,0.9016
731,0.561991143898034,0.9028
732,0.5634132598131687,0.9017
733,0.5625799864555278,0.9028
734,0.5620599094168862,0.902
735,0.562719930259234,0.9014
736,0.5638905316822196,0.9009
737,0.5658156629282424,0.8994
738,0.5635843401203339,0.902
739,0.5624561047127224,0.9008
740,0.5623698147900961,0.9009
741,0.5618879878044731,0.9014
742,0.5628126524911399,0.9011
743,0.5629363701346616,0.9046
744,0.5632391640635072,0.9001
745,0.5615392298812479,0.9031
746,0.5623123063110367,0.9025
747,0.56256170766156,0.9016
748,0.5617514957215138,0.904
749,0.5620331094661675,0.9028
750,0.5615906933918173,0.9013
751,0.5633661328901676,0.9032
752,0.5620265243855272,0.9023
753,0.5621134186494333,0.9044
754,0.5616106544870821,0.9053
755,0.5621952191221131,0.9045
756,0.5625809626069694,0.9035
757,0.5628512598439325,0.9029
758,0.5613823381731919,0.9034
759,0.5614293853033596,0.9033
760,0.5618199459139107,0.9053
761,0.5617122170852066,0.9032
762,0.5620902622123614,0.9025
763,0.5618622389205876,0.9048
764,0.5613805534174805,0.9042
765,0.5616514216203856,0.9033
766,0.5627443037527341,0.9037
767,0.5619473822745727,0.9027
768,0.5628468342263931,0.9014
769,0.5629907787167417,0.9016
770,0.5623498825585059,0.9027
771,0.5632041872767332,0.9028
772,0.5620114983436203,0.9034
773,0.5626322409744479,0.9019
774,0.5617211786869886,0.9046
775,0.5612840328055405,0.9048
776,0.5623702202269562,0.9048
777,0.5614141950463597,0.9028
778,0.5626610331416909,0.9024
779,0.5625037897047691,0.9031
780,0.5614934420254157,0.9025
781,0.5614159731002579,0.9027
782,0.5620454604255585,0.9022
783,0.562074047112778,0.9032
784,0.5616949275771872,0.9022
785,0.5615840397922159,0.9033
786,0.5619546684337927,0.9021
787,0.5622932450531666,0.9032
788,0.5622638084098757,0.9029
789,0.5613678940699414,0.9026
790,0.5618392212468841,0.901
791,0.5626547373276711,0.9023
792,0.5619235758863635,0.9031
793,0.5630518659442224,0.9034
794,0.5623880641708842,0.9038
795,0.5630318773347447,0.9031
796,0.5643705462070246,0.9024
797,0.5631619531367995,0.9029
798,0.5610397412594308,0.9021
799,0.5620784553287789,0.9013
800,0.5615083061223825,0.9036
801,0.5633716174027109,0.9036
802,0.5615209066985711,0.9041
803,0.5630510453680972,0.9026
804,0.5615982539692922,0.904
805,0.5628322824948917,0.9038
806,0.5627553898111746,0.9028
807,0.5628541840530489,0.9019
808,0.5628067186460809,0.9017
809,0.5617689636901373,0.9036
810,0.5616209494775602,0.9015
811,0.5617685805232554,0.902
812,0.5615176249959754,0.9027
813,0.5617943845640784,0.9019
814,0.5615695092555212,0.9036
815,0.5621764575173387,0.9026
816,0.5615684990150511,0.9027
817,0.5621373883820677,0.9025
818,0.5619932652809153,0.9036
819,0.5623052825125212,0.9022
820,0.564472722801511,0.9012
821,0.562176147572103,0.9039
822,0.5651465473700749,0.9034
823,0.5634873428313831,0.9029
824,0.5631785826415734,0.9029
825,0.5615896630123534,0.9042
826,0.5628965921286342,0.9027
827,0.5617556320099558,0.904
828,0.5611026055137308,0.9042
829,0.5624470195659035,0.9032
830,0.5616179724922165,0.9039
831,0.5615268282250873,0.9044
832,0.5617815671859919,0.9027
833,0.5635179125717635,0.903
834,0.5635627075535583,0.9027
835,0.5628428309670339,0.9014
836,0.5625946900919498,0.9008
837,0.561913774746315,0.9011
838,0.5631250014696568,0.9021
839,0.5634890595419603,0.902
840,0.5641370586016858,0.9026
841,0.5617036151548729,0.9013
842,0.5631962112241224,0.9015
843,0.5607237614942197,0.9027
844,0.5610807657838967,0.9026
845,0.561909095342644,0.9019
846,0.5610684135028831,0.9035
847,0.5615239662012096,0.9036
848,0.5626415881985847,0.904
849,0.5622659262328054,0.9039
850,0.5624344243558086,0.9035
851,0.5615241658532607,0.9053
852,0.5628616847164626,0.9039
853,0.5641082558483868,0.9025
854,0.5624264686564155,0.9026
855,0.5622644795713504,0.9044
856,0.5620567963463774,0.9039
857,0.5614037988547743,0.9031
858,0.5619444821639563,0.9035
859,0.5616622333856679,0.9033
860,0.5620224716805008,0.9018
861,0.5633271460686285,0.9025
862,0.5626872224813418,0.9036
863,0.5618497219792384,0.9034
864,0.5626883516533611,0.9043
865,0.5627335029418863,0.9039
866,0.5624784714724453,0.9024
867,0.5630338632586654,0.9036
868,0.5620196854562767,0.9041
869,0.5624663119325187,0.9028
870,0.5617970452472023,0.9027
871,0.563390658730901,0.9002
872,0.5615226525035671,0.9016
873,0.561647362363287,0.9035
874,0.5618339117163236,0.9018
875,0.5616586955715084,0.9019
876,0.5627219694174274,0.9023
877,0.5619474468775613,0.9024
878,0.5614681143529696,0.9025
879,0.5625736444729206,0.9039
880,0.5624822454068445,0.904
881,0.5612498020599599,0.9049
882,0.5619937251647393,0.902
883,0.561982122616898,0.9016
884,0.5620928431957298,0.9031
885,0.561840080297979,0.9043
886,0.5625245986562886,0.9035
887,0.5617928622538486,0.9038
888,0.562114036833302,0.9038
889,0.5631924397271543,0.9023
890,0.5618336745171093,0.9027
891,0.5618962776912456,0.904
892,0.5620518980393719,0.9024
893,0.5614072639990507,0.9031
894,0.5613727500039367,0.9033
895,0.5612117322302796,0.9019
896,0.562625075576169,0.9029
897,0.5621536701655454,0.9034
898,0.5628279021532858,0.9042
899,0.5624062986700431,0.903
900,0.5619421510649573,0.9029
901,0.5614191718740511,0.9027
902,0.5617452758696704,0.9028
903,0.5632504236303341,0.9026
904,0.5623617661897133,0.9026
905,0.5621618396925148,0.9029
906,0.5616884844956849,0.9033
907,0.5640193790076351,0.902
908,0.5632092183066237,0.9016
909,0.5622868253475092,0.9008
910,0.5610996551199176,0.9041
911,0.5633882336171923,0.9023
912,0.5624006339620343,0.9024
913,0.5616267563350611,0.9031
914,0.5627975691393654,0.9018
915,0.5633030694902204,0.9027
916,0.5619649541307763,0.9035
917,0.5624741990140177,0.905
918,0.5611390385966208,0.9054
919,0.5624425131676511,0.9046
920,0.562817814310152,0.9045
921,0.5624967124709429,0.9042
922,0.561644562402834,0.9044
923,0.5629067184357348,0.9014
924,0.5621574828261864,0.9027
925,0.5621553508805626,0.9042
926,0.5637817693857006,0.9021
927,0.5629062642579983,0.902
928,0.5630812754784987,0.9044
929,0.5618102869020374,0.9047
930,0.563567271429708,0.9033
931,0.5616029146042847,0.9048
932,0.5632106282430174,0.9042
933,0.5618548127850569,0.9047
934,0.563290901809736,0.9035
935,0.561632531286655,0.9041
936,0.5616285779800154,0.9036
937,0.5618986212556671,0.9028
938,0.5617833169859511,0.9032
939,0.5620595277003753,0.9033
940,0.5630367249874986,0.9037
941,0.5619983187813986,0.9041
942,0.5642680852319965,0.9015
943,0.5642735623063921,0.9043
944,0.5619294321763055,0.9048
945,0.5619751757973355,0.904
946,0.5611187612239282,0.9043
947,0.5614718686976917,0.9036
948,0.5616782194548238,0.9027
949,0.5621803895845076,0.9036
950,0.5631551762866911,0.9026
951,0.5634929584722731,0.902
952,0.5629807095364305,0.9002
953,0.5619566782616553,0.9023
954,0.5610988162034021,0.9023
955,0.5622956737112907,0.9033
956,0.5611018107050803,0.904
957,0.5623141177128115,0.9025
958,0.5614900222175848,0.9042
959,0.562065435626495,0.9046
960,0.5620868531938732,0.9024
961,0.5634119966475006,0.9023
962,0.561188204266596,0.9029
963,0.5626959761548542,0.9039
964,0.562038213834929,0.9025
965,0.5637286604171429,0.9019
966,0.5625918607061424,0.9036
967,0.5615020685228721,0.9043
968,0.5639845989596828,0.9023
969,0.5621712872696152,0.9031
970,0.5612662925564299,0.9038
971,0.5619828183383243,0.9025
972,0.5618639948194472,0.9026
973,0.5611629680776669,0.9021
974,0.5622229610276102,0.9016
975,0.5616304249705132,0.9016
976,0.5637855991555202,0.8996
977,0.5614770119672341,0.9028
978,0.5614369011464354,0.9027
979,0.5614349106059761,0.9019
980,0.5620494354732156,0.9043
981,0.5626478378385532,0.9027
982,0.5627778567532112,0.903
983,0.5624940797992201,0.9035
984,0.5632943931136903,0.903
985,0.5626704226936066,0.9016
986,0.5631801969782742,0.9036
987,0.5625969038070565,0.9018
988,0.5631626233136245,0.9039
989,0.562318540259513,0.9024
990,0.562755766968548,0.9022
991,0.5623598483748222,0.9013
992,0.5619058826817559,0.9023
993,0.5620722452920243,0.904
994,0.5625021526487267,0.9023
995,0.5631550644569394,0.902
996,0.5621223144501462,0.903
997,0.5628245308830568,0.903
998,0.5627180769711049,0.9034
999,0.5634742322810463,0.9012
1000,0.5620793090122294,0.9021
