# Configuration:

dataset name: rcv1
model name: softmax classification
num_clients: 100
participation_rate: 0.05
num_classes: 2
numLocalEpochs: 5
learning_rate: 0.1
lambda: 0.001
mu: 0.0001
num_classes: 2
# Results:

round,obj,test
1,0.5950526512299104,0.863798043671574
2,0.5405496796823162,0.8963047129730264
3,0.4959731171688287,0.9338010078055529
4,0.4728946594136111,0.9310344827586207
5,0.46006564043403025,0.9274775219839937
6,0.44919246768592497,0.9334057899417053
7,0.4427117883214029,0.9387412311036459
8,0.43824462345798426,0.9389388400355696
9,0.43406000925322596,0.9454599347890524
10,0.43225884158917405,0.9462503705167473
11,0.4301457194398112,0.9477324375061753
12,0.42779358378754767,0.9499061357573362
13,0.4277069405647831,0.945805750419919
14,0.4303017742441837,0.9402232980930738
15,0.4276948432589111,0.9465961861476139
16,0.4280409003770322,0.9463491749827092
17,0.42713275540740103,0.9493133089615651
18,0.42594984566571165,0.9504001580871455
19,0.4260879369517654,0.9511411915818595
20,0.4270971898353742,0.9499555379903172
21,0.42515658094793357,0.950844778183974
22,0.4253468172430921,0.9510423871158976
23,0.4248611362567893,0.9506471692520502
24,0.42431301523905673,0.9507459737180121
25,0.42451688070582455,0.951437604979745
26,0.42449687330819913,0.9511411915818595
27,0.42445913893090137,0.9510917893488786
28,0.4253905982863932,0.950795375950993
29,0.42459965621748247,0.9526726608042684
30,0.424881503651742,0.952178638474459
31,0.4243526865687685,0.9522774429404209
32,0.42346640749085557,0.9508941804169548
33,0.42330205537886645,0.9521292362414782
34,0.423023646588592,0.9517834206106116
35,0.42386625394654864,0.9497579290583934
36,0.4241128679693796,0.9507459737180121
37,0.4246130854268528,0.9476830352731943
38,0.42388870033135007,0.9511905938148404
39,0.4253915192501053,0.9503013536211837
40,0.4232221747242477,0.9511905938148404
41,0.4229345795804525,0.9525738563383065
42,0.4228755922236106,0.9524750518723446
43,0.4230848132686125,0.952870269736192
44,0.4237495915503924,0.9515364094457069
45,0.4240981707059668,0.9510917893488786
46,0.42372259818533725,0.9517834206106116
47,0.4237316076172077,0.9506965714850312
48,0.42540433386939863,0.9484240687679083
49,0.4253900005567635,0.9496591245924316
50,0.42373488642698615,0.9521292362414782
51,0.42487847007703605,0.952919671969173
52,0.42495029340341206,0.9531172809010967
53,0.4260666756106251,0.9508941804169548
54,0.42417429092778963,0.9511905938148404
55,0.4235981806213043,0.9528208675032112
56,0.4235020825566069,0.9529690742021539
57,0.42618192629399987,0.95010374468926
58,0.42553659991129,0.9518822250765735
59,0.42775481311269214,0.9497579290583934
60,0.4254355385425588,0.9523762474063827
61,0.42572975813103936,0.9518328228435925
62,0.42613062159853654,0.95010374468926
63,0.42433673562878743,0.9531666831340777
64,0.4242656065733706,0.953611303230906
65,0.42377759023659956,0.952919671969173
66,0.4242402708014907,0.9516846161446497
67,0.42405972023051386,0.952870269736192
68,0.4246167393214388,0.9532654876000395
69,0.424808684680005,0.954302934492639
70,0.42472699088888805,0.9544511411915818
71,0.4241308811232046,0.9547475545894675
72,0.42519186363534583,0.9525244541053256
73,0.4240560548805902,0.9532160853670586
74,0.4235950292137607,0.9519316273095544
75,0.4241422590655261,0.9539571188617726
76,0.42456318019026384,0.9545005434245628
77,0.4239873599954895,0.9545499456575437
78,0.4250704231798242,0.9529690742021539
79,0.42372742132823304,0.9534630965319633
80,0.4246208126826053,0.9533148898330205
81,0.42418314367011956,0.9508941804169548
82,0.42432385934457795,0.9530678786681158
83,0.4237041595929486,0.9542535322596581
84,0.42406483542723206,0.953611303230906
85,0.42468210665439937,0.9519810295425353
86,0.4245708294148944,0.9534136942989823
87,0.425158694976619,0.9505977670190693
88,0.42578866604535065,0.9495603201264697
89,0.42469478918208453,0.9531172809010967
90,0.4245486401790004,0.9535619009979251
91,0.42483447169815963,0.9523268451734018
92,0.4257591437419651,0.9517834206106116
93,0.42496281493819815,0.9527220630372493
94,0.4246986879383532,0.9524256496393637
95,0.4271191998781978,0.9498073312913744
96,0.42680009545486103,0.950795375950993
97,0.4266049920970551,0.9530678786681158
98,0.4266719849768291,0.9531666831340777
99,0.4255222920451844,0.953611303230906
100,0.42599582872474956,0.9525244541053256
101,0.42412556088144887,0.9531666831340777
102,0.42484166639356674,0.9531172809010967
103,0.4248515235171939,0.9523762474063827
104,0.4242543676229824,0.9511905938148404
105,0.42465034593843853,0.9509435826499357
106,0.42445842575786813,0.9533642920660014
107,0.4267459168797153,0.9504495603201265
108,0.42679435326114673,0.9526726608042684
109,0.42557947319806183,0.952178638474459
110,0.42498814960126624,0.9526232585712874
111,0.4246678384379961,0.9527714652702303
112,0.42603403589520106,0.9501531469222408
113,0.4253496588700824,0.9530184764351348
114,0.42590370691198676,0.9539077166287916
115,0.4262387980184977,0.9522774429404209
116,0.42554560954731124,0.9537101076968679
117,0.4258131003722695,0.9526726608042684
118,0.4254909794164793,0.9526232585712874
119,0.4252015082783621,0.9515364094457069
120,0.42542316149274023,0.9512399960478214
121,0.42553665590600454,0.9533642920660014
122,0.4260886619132448,0.9528208675032112
123,0.42561317353934475,0.9530184764351348
124,0.4274105530587005,0.9508941804169548
125,0.42644180018373373,0.951487007212726
126,0.430347451793412,0.9459045548858809
127,0.4273718947895077,0.9495109178934887
128,0.426934426925288,0.9499555379903172
129,0.42677406124655554,0.9506471692520502
130,0.4273932812008393,0.9507459737180121
131,0.4264828036059738,0.9515858116786878
132,0.4261154373049485,0.9533148898330205
133,0.42856020815760365,0.9476830352731943
134,0.42643441459684933,0.9528208675032112
135,0.42520185722470316,0.9542535322596581
136,0.4259962891772003,0.9545993478905247
137,0.42645986492822735,0.9528208675032112
138,0.426827933745575,0.9515364094457069
139,0.4254495676207932,0.9539571188617726
140,0.4247931182828991,0.9547475545894675
141,0.4247117606101101,0.9544017389586009
142,0.4258277658589446,0.9540559233277344
143,0.4263930442353793,0.9540065210947535
144,0.4254465071875924,0.9532654876000395
145,0.42665255117524353,0.9518328228435925
146,0.4283242855910783,0.9480288509040609
147,0.4257115155848252,0.9530184764351348
148,0.4262728380764222,0.9501531469222408
149,0.42505814842436873,0.9510423871158976
150,0.4249181633336398,0.9518822250765735
151,0.4251624326627395,0.9530678786681158
152,0.42442912312310294,0.9524256496393637
153,0.42507164019678456,0.9534136942989823
154,0.4250394373362479,0.9542041300266773
155,0.42687847683885466,0.9540559233277344
156,0.4258913337944633,0.9539571188617726
157,0.4249001560635476,0.9534136942989823
158,0.4261237269731281,0.9548463590554293
159,0.42491090211246707,0.9531172809010967
160,0.42575014781576,0.9527714652702303
161,0.42644014933727736,0.951487007212726
162,0.4260370663271715,0.9515858116786878
163,0.42608080754220157,0.9518328228435925
164,0.42630320351210604,0.9532654876000395
165,0.4259843639533537,0.9504001580871455
166,0.42632519905733357,0.9488192866317557
167,0.4254174712638142,0.9515858116786878
168,0.4264787420422198,0.951487007212726
169,0.42676074323574004,0.9519316273095544
170,0.42763626135515626,0.9509435826499357
171,0.42611072435747954,0.9492639067285842
172,0.42571522793317595,0.9508941804169548
173,0.42525780447078654,0.9547969568224484
174,0.42511482074219714,0.9537101076968679
175,0.4249775256342817,0.9541053255607154
176,0.42378442864051724,0.9524750518723446
177,0.424333935647137,0.9517340183776307
178,0.4236198948082244,0.9534136942989823
179,0.4243294870182981,0.9552909791522577
180,0.4243224784936224,0.9535619009979251
181,0.42376159315143297,0.9555379903171624
182,0.42476131555131325,0.9546981523564865
183,0.42408469126523374,0.9544511411915818
184,0.4240434470826599,0.9544017389586009
185,0.4266978092731415,0.952919671969173
186,0.4231127168151293,0.9533148898330205
187,0.4237001904734643,0.9509929848829167
188,0.424121591270708,0.9506471692520502
189,0.4237538588903331,0.9522280407074399
190,0.4240027726451797,0.9531666831340777
191,0.4234792123188023,0.9519316273095544
192,0.4246527097006314,0.9532654876000395
193,0.4249923365949428,0.952870269736192
194,0.42613063268883794,0.9495603201264697
195,0.42493266594598217,0.9515364094457069
196,0.4240051213010083,0.9531172809010967
197,0.4245628379194325,0.9507459737180121
198,0.42381196416822986,0.9533148898330205
199,0.4247654310510576,0.9537595099298488
200,0.42548042234027406,0.9530184764351348
201,0.42361778305093345,0.9540559233277344
202,0.42410968368309654,0.9541547277936963
203,0.4243660059664372,0.9535619009979251
204,0.4247465664426811,0.9502519513882027
205,0.423489899314697,0.9526232585712874
206,0.4242282306336829,0.9537595099298488
207,0.42516266412882187,0.952870269736192
208,0.4253180991957045,0.9533642920660014
209,0.4254188463076755,0.9533148898330205
210,0.4256931911698109,0.9513388005137833
211,0.424504230805972,0.9540559233277344
212,0.4240550684690884,0.9541547277936963
213,0.42465367380959956,0.9530678786681158
214,0.42446434459571797,0.9526726608042684
215,0.4236659717354934,0.9539571188617726
216,0.4243438697112193,0.9537595099298488
217,0.4238901514593168,0.9537101076968679
218,0.42337454441456557,0.9524750518723446
219,0.42334512923983353,0.9525738563383065
220,0.42447384294873486,0.952919671969173
221,0.4233464619038421,0.9527714652702303
222,0.4238626405993493,0.9545005434245628
223,0.4243572986257583,0.9545005434245628
224,0.4241526679062518,0.9536607054638869
225,0.424558360120959,0.9537595099298488
226,0.42402510467512966,0.9547969568224484
227,0.42551142943814924,0.9531666831340777
228,0.42564995196452976,0.9512893982808023
229,0.42456669786902773,0.9544511411915818
230,0.4259152500759817,0.9545499456575437
231,0.4245988161873766,0.953611303230906
232,0.42584708675607835,0.9515364094457069
233,0.4254985735681854,0.9528208675032112
234,0.4262933111337807,0.9524256496393637
235,0.42817927601351125,0.9497579290583934
236,0.4277169627950625,0.9497085268254125
237,0.4262383325041872,0.9527220630372493
238,0.4261009526574458,0.9537595099298488
239,0.42913185354340855,0.9497085268254125
240,0.4277534482531857,0.9531172809010967
241,0.42623470205178865,0.9549451635213911
242,0.42458788435839767,0.9537595099298488
243,0.42445501503812033,0.9527714652702303
244,0.4243766024706801,0.9533642920660014
245,0.4240194718419171,0.9549451635213911
246,0.425114908419675,0.9556367947831242
247,0.4244923294742868,0.9553897836182196
248,0.4239715809837679,0.9553897836182196
249,0.42311290259140255,0.9534630965319633
250,0.42335842859069367,0.95435233672562
251,0.42683536471435923,0.9500543424562791
252,0.42353014040825576,0.9516352139116688
253,0.42519024026461,0.950795375950993
254,0.428022236725454,0.9485228732338702
255,0.42814483448417096,0.9487698843987749
256,0.42480436068310207,0.9505977670190693
257,0.4237726069658418,0.951437604979745
258,0.424654068784398,0.9499061357573362
259,0.42504185776889786,0.9497579290583934
260,0.42419204231683205,0.9518822250765735
261,0.4243781393265305,0.9520798340084972
262,0.4242909144145524,0.9524750518723446
263,0.42394935239284043,0.9531172809010967
264,0.4240987755695456,0.9531666831340777
265,0.4230558671621525,0.9550933702203339
266,0.42284543247958595,0.9545005434245628
267,0.4236005131753679,0.9547969568224484
268,0.42333141261061336,0.9526232585712874
269,0.42405234869084435,0.9525244541053256
270,0.42376234740205315,0.9532160853670586
271,0.4242754850139821,0.9521292362414782
272,0.4256018617171094,0.9511905938148404
273,0.4254949537872998,0.9524256496393637
274,0.42703735110020147,0.9504495603201265
275,0.4255777778739428,0.9511905938148404
276,0.42396857038075997,0.9533642920660014
277,0.4247258803783718,0.9533642920660014
278,0.4259865359952424,0.951437604979745
279,0.42504303041537034,0.9555379903171624
280,0.42453477623616165,0.9539077166287916
281,0.42448955339035777,0.9545993478905247
282,0.4249132965670268,0.9553403813852386
283,0.4234276521452604,0.9553403813852386
284,0.4248864590515736,0.9551427724533149
285,0.42458693242735335,0.9545005434245628
286,0.42526055952636427,0.9556861970161051
287,0.42464806914312936,0.9546487501235056
288,0.4247629982379451,0.9522280407074399
289,0.4241441321321586,0.9529690742021539
290,0.4241629633604917,0.953611303230906
291,0.4241512984492123,0.955785001482067
292,0.42497952697060476,0.9513388005137833
293,0.4234295345960571,0.9539077166287916
294,0.42369788783797546,0.9550933702203339
295,0.42393591469058894,0.9549451635213911
296,0.42581600958407057,0.9552415769192768
297,0.42618416865406605,0.9541053255607154
298,0.42576311697719194,0.9540065210947535
299,0.4262293739189055,0.9539077166287916
300,0.425341659356394,0.95435233672562
301,0.42663145384278883,0.9540065210947535
302,0.4254381043481734,0.952870269736192
303,0.42489778412555507,0.9531172809010967
304,0.42386911050741366,0.9538089121628298
305,0.4252765935988764,0.9547475545894675
306,0.42627063883364114,0.9545993478905247
307,0.4249760885896788,0.9546981523564865
308,0.42455888533147657,0.9533148898330205
309,0.42522003734348796,0.9538583143958107
310,0.42586944334597315,0.9537595099298488
311,0.4270159623170041,0.9513388005137833
312,0.4263505035067934,0.9501531469222408
313,0.42683581115510694,0.9516846161446497
314,0.4267088891305602,0.952919671969173
315,0.4247551896600073,0.9542041300266773
316,0.42509158571551764,0.9559826104139907
317,0.42585245954345363,0.9561308171129335
318,0.4269418591305415,0.9552415769192768
319,0.42601483908494103,0.9548957612884102
320,0.4246600603401471,0.952870269736192
321,0.4234537551814906,0.9534630965319633
322,0.423922930536662,0.952870269736192
323,0.4237166385658298,0.9535619009979251
324,0.4236002746192721,0.9542041300266773
325,0.4230858152062847,0.9541053255607154
326,0.42365951296856463,0.9540065210947535
327,0.42446694617417513,0.9532160853670586
328,0.42432597322880555,0.9525244541053256
329,0.4255116930492188,0.9505483647860883
330,0.42444589033009417,0.9513882027467642
331,0.423691679235705,0.9552909791522577
332,0.42376941179361405,0.9570694595395712
333,0.4239280162573571,0.9560320126469717
334,0.42615570248941165,0.9538583143958107
335,0.4248600551141897,0.9542535322596581
336,0.42353013498239106,0.9549945657543721
337,0.42363533957832483,0.9532654876000395
338,0.42342208010834426,0.9535124987649441
339,0.4241396848692823,0.9509929848829167
340,0.4242969194626984,0.951487007212726
341,0.4236600766589034,0.9531666831340777
342,0.4238343004101924,0.9533642920660014
343,0.4240477465041376,0.9516846161446497
344,0.4248575680527996,0.9534630965319633
345,0.42440280890589743,0.9503507558541646
346,0.42462810973069126,0.9500049402232981
347,0.4237816219379519,0.9508941804169548
348,0.4238188165241163,0.951437604979745
349,0.4239747838244046,0.9512399960478214
350,0.4238746200864639,0.9516352139116688
351,0.4243924295853193,0.9517340183776307
352,0.4244646811550873,0.9504495603201265
353,0.4259530870581467,0.9482758620689655
354,0.4269142437487459,0.9474854263412706
355,0.4242227862507309,0.9516352139116688
356,0.4248632550544489,0.9509929848829167
357,0.42528874930547483,0.9504001580871455
358,0.42440596257356633,0.9519810295425353
359,0.4243263451577064,0.9525244541053256
360,0.4241493305319377,0.9527714652702303
361,0.4236039936487566,0.950844778183974
362,0.4239722954416649,0.9496097223594506
363,0.42338022811899007,0.950844778183974
364,0.42424028327718516,0.9520304317755163
365,0.4264741446392933,0.9473866218753088
366,0.425293493589957,0.9488686888647366
367,0.4244815313833469,0.9505483647860883
368,0.42455519457587965,0.9503013536211837
369,0.4253331340312133,0.9496097223594506
370,0.42376527710284445,0.9515364094457069
371,0.4244758690796017,0.9500049402232981
372,0.4247021619444732,0.9498073312913744
373,0.4260580040187562,0.9499555379903172
374,0.4259433447971005,0.9502519513882027
375,0.4262531506265761,0.9486216776998321
376,0.4254928159736039,0.9517834206106116
377,0.4260785881503921,0.9516846161446497
378,0.4276469913901475,0.9485228732338702
379,0.4259776823634584,0.9506471692520502
380,0.4263243488819672,0.9517834206106116
381,0.4265732096601441,0.9523268451734018
382,0.42724355216622495,0.9512399960478214
383,0.4259954223746008,0.9521292362414782
384,0.4266048622186486,0.9512893982808023
385,0.42683626052785134,0.9518328228435925
386,0.42625653672665526,0.9498567335243553
387,0.4254137647370162,0.9530184764351348
388,0.4249115662954058,0.9551427724533149
389,0.42458052984762706,0.9536607054638869
390,0.42461020997970234,0.9551427724533149
391,0.42498144498696755,0.952919671969173
392,0.4241297770809125,0.9550933702203339
393,0.42428152750199344,0.955043967987353
394,0.4239419507590989,0.9546487501235056
395,0.42491161246195075,0.9540559233277344
396,0.42501284951037605,0.9532654876000395
397,0.4238903058896154,0.9553897836182196
398,0.4237386172186664,0.9548957612884102
399,0.4232043854366288,0.9556861970161051
400,0.42288232009641613,0.9537595099298488
401,0.4235789443844908,0.9529690742021539
402,0.4233638597370936,0.9517340183776307
403,0.4238923578426397,0.9513882027467642
404,0.4240035146131045,0.9515364094457069
405,0.4247311910328428,0.9504989625531074
406,0.42445774780298945,0.9519316273095544
407,0.4239546186120059,0.952919671969173
408,0.42425609637019945,0.9520798340084972
409,0.4243728180052131,0.9522280407074399
410,0.4245497545059587,0.9535124987649441
411,0.42460687573235484,0.9531172809010967
412,0.42576208842185986,0.9540559233277344
413,0.4263966422281005,0.9523762474063827
414,0.42451420314123506,0.95435233672562
415,0.4243398787147257,0.954302934492639
416,0.42396909737275557,0.9531666831340777
417,0.42555115300790014,0.95435233672562
418,0.4247452396867848,0.9540065210947535
419,0.42473884610412593,0.9536607054638869
420,0.4263300196120111,0.9518328228435925
421,0.4259419627482029,0.9538089121628298
422,0.4257983551098679,0.9528208675032112
423,0.4252147396057634,0.9545993478905247
424,0.42441105445163974,0.9538089121628298
425,0.42340324610093755,0.9541547277936963
426,0.42339886730233073,0.9558344037150479
427,0.4238086366453321,0.9551921746862958
428,0.42544505823835865,0.9550933702203339
429,0.4260058005262871,0.9535124987649441
430,0.4285962425192891,0.9521292362414782
431,0.42564371708021825,0.955043967987353
432,0.42643217477430817,0.9549945657543721
433,0.4256589579268418,0.9531172809010967
434,0.4247199737913854,0.9540065210947535
435,0.4249538828460986,0.9542535322596581
436,0.4268394907977138,0.9545499456575437
437,0.4256466427599145,0.955785001482067
438,0.4270439160335089,0.9564766327438
439,0.42752016643241597,0.9542535322596581
440,0.4266073341938062,0.9548957612884102
441,0.42676117753947407,0.9531172809010967
442,0.42595345485341257,0.9537101076968679
443,0.42533224616141097,0.9544511411915818
444,0.42431742266379385,0.9552415769192768
445,0.424321523342292,0.9534630965319633
446,0.4243161444848345,0.9545993478905247
447,0.4237203016741522,0.9541547277936963
448,0.4250152350137012,0.9509435826499357
449,0.42373350206724475,0.9513388005137833
450,0.4234955022623918,0.951437604979745
451,0.42384910535165593,0.9517834206106116
452,0.424242749176062,0.952178638474459
453,0.42422243591462194,0.9516352139116688
454,0.4249904883856751,0.9509929848829167
455,0.42440333424646787,0.9526232585712874
456,0.42479079197672726,0.9535619009979251
457,0.4247846810953947,0.9523762474063827
458,0.42539085983594965,0.9516352139116688
459,0.4257945903717467,0.952178638474459
460,0.4254011073251576,0.9547475545894675
461,0.4259632373288547,0.9520798340084972
462,0.42609206481811857,0.9535124987649441
463,0.4245529829358633,0.9537595099298488
464,0.4234825025082629,0.9550933702203339
465,0.42300259281204633,0.9545005434245628
466,0.42314248302453517,0.9549451635213911
467,0.42371740126933716,0.9548463590554293
468,0.42403429879818766,0.9532654876000395
469,0.4240242724443188,0.9552909791522577
470,0.4252160795979787,0.9534630965319633
471,0.42359443332908736,0.9545005434245628
472,0.42426953882843016,0.9537595099298488
473,0.42286809918600654,0.9533642920660014
474,0.4237480303915667,0.9525738563383065
475,0.42294459900277376,0.9515858116786878
476,0.4227859213057695,0.9521292362414782
477,0.4227747465392673,0.9515858116786878
478,0.42386385911813146,0.9499555379903172
479,0.4266491293665673,0.946546783914633
480,0.4240277770295711,0.9519810295425353
481,0.4234927233182158,0.9519810295425353
482,0.4233118493723186,0.952870269736192
483,0.42378424898875794,0.9532654876000395
484,0.4235485212742044,0.9531172809010967
485,0.42418764797282976,0.9523268451734018
486,0.42386349839186427,0.9545499456575437
487,0.4249319179221606,0.9509435826499357
488,0.42460715820662087,0.9523762474063827
489,0.4244832341874752,0.9534630965319633
490,0.42466936676962586,0.9515858116786878
491,0.4232477946284233,0.9524750518723446
492,0.42395599914573134,0.9531666831340777
493,0.4243463139829606,0.9526726608042684
494,0.42442432259600593,0.9539571188617726
495,0.42411182972905126,0.9531172809010967
496,0.42516157213838107,0.9541547277936963
497,0.4244764344048096,0.954302934492639
498,0.4248043928715294,0.9541053255607154
499,0.4248669403952588,0.9542535322596581
500,0.42474673410522784,0.9549945657543721
501,0.42420186447520086,0.9522774429404209
502,0.42478711146151105,0.9537101076968679
503,0.42596405335847387,0.9537101076968679
504,0.4258670216383883,0.953611303230906
505,0.425144143067855,0.9539077166287916
506,0.4272412332813714,0.952178638474459
507,0.4250783740174096,0.9537595099298488
508,0.4246986835135595,0.9540559233277344
509,0.4239136403253117,0.9545005434245628
510,0.4239605445248982,0.9526232585712874
511,0.42453205688818246,0.9522774429404209
512,0.42542330076451335,0.9540065210947535
513,0.4248379246489487,0.9544511411915818
514,0.42487758678093374,0.9530678786681158
515,0.4242861093468279,0.9544511411915818
516,0.4239871097314253,0.9537595099298488
517,0.4237114528170359,0.9540559233277344
518,0.4243487264201501,0.9531666831340777
519,0.4240720664723097,0.9538089121628298
520,0.42551633101635117,0.9533642920660014
521,0.4243615331929937,0.9529690742021539
522,0.4251943913736108,0.9535619009979251
523,0.4248695180090016,0.9538583143958107
524,0.4245998482706905,0.9537101076968679
525,0.4255408955178575,0.952178638474459
526,0.4252455996033343,0.9525244541053256
527,0.42641887607038004,0.9497579290583934
528,0.4252098294996559,0.9512893982808023
529,0.4259635986237035,0.9506965714850312
530,0.42499337749519195,0.9511905938148404
531,0.42520796994948623,0.9530184764351348
532,0.4254178713961831,0.9524750518723446
533,0.42523415413867427,0.952919671969173
534,0.4244102725956659,0.9528208675032112
535,0.42487099494727903,0.9525738563383065
536,0.4250976952402617,0.951487007212726
537,0.4260167402570401,0.9517834206106116
538,0.4261617495578019,0.9510917893488786
539,0.42671946557338936,0.9512893982808023
540,0.4250677016303755,0.95435233672562
541,0.4254690523938794,0.9537101076968679
542,0.4263703082990884,0.9511905938148404
543,0.4262563630144115,0.9550933702203339
544,0.4266143119551674,0.9542535322596581
545,0.4282699139107065,0.9522774429404209
546,0.42820809097497703,0.9515858116786878
547,0.42634121594153046,0.9535124987649441
548,0.4268873454138286,0.952919671969173
549,0.4246626216771682,0.9552909791522577
550,0.4233067460528356,0.9548463590554293
551,0.42331318956933456,0.9550933702203339
552,0.4237044282652462,0.9534630965319633
553,0.42369248194292264,0.9552909791522577
554,0.4238450441089631,0.9545499456575437
555,0.423624705132738,0.9556861970161051
556,0.42433977229728526,0.9533642920660014
557,0.4239920609478132,0.9550933702203339
558,0.42315600238601064,0.9554885880841814
559,0.4242689879316573,0.954302934492639
560,0.4236589542681995,0.95435233672562
561,0.4241955891046439,0.9538089121628298
562,0.42374306635984754,0.9518822250765735
563,0.4236032426061562,0.9534136942989823
564,0.42368201153727947,0.95435233672562
565,0.42404311508818054,0.9552909791522577
566,0.4239627385344499,0.9550933702203339
567,0.42368635505698654,0.9544017389586009
568,0.42395162262948705,0.9553897836182196
569,0.4239825065140498,0.9564766327438
570,0.424683088470704,0.9561308171129335
571,0.4261262756501155,0.9555873925501432
572,0.42523861594627455,0.9560320126469717
573,0.4275810015549547,0.9545499456575437
574,0.4255848059154303,0.9548463590554293
575,0.4245459967257927,0.9556367947831242
576,0.4254559164431786,0.952919671969173
577,0.4252406316717319,0.95435233672562
578,0.4256550311162795,0.952919671969173
579,0.42768715414740316,0.9541053255607154
580,0.42568662041907135,0.9548957612884102
581,0.42629647904706336,0.9551427724533149
582,0.42675638429481183,0.9549451635213911
583,0.42713992160148295,0.955735599249086
584,0.4255479649839085,0.9561308171129335
585,0.42512879817242283,0.955785001482067
586,0.4252332439962489,0.9547475545894675
587,0.4246785794676693,0.9545005434245628
588,0.4249121191189103,0.9532654876000395
589,0.42472807584330086,0.9535619009979251
590,0.42534648864560093,0.9552909791522577
591,0.42478922515033374,0.9535124987649441
592,0.4255816920585368,0.9527714652702303
593,0.4247738924588289,0.9540065210947535
594,0.4248433012509611,0.9535619009979251
595,0.4260840892672031,0.9542041300266773
596,0.425160541478135,0.9540065210947535
597,0.4247755652876436,0.9518822250765735
598,0.42504744676587164,0.9531666831340777
599,0.42496120017964306,0.9527714652702303
600,0.4262466921449117,0.9522280407074399
601,0.4254265260630917,0.9532160853670586
602,0.4249983916273182,0.952870269736192
603,0.42459239409595195,0.952919671969173
604,0.4236651516176588,0.9525738563383065
605,0.4236979575379922,0.9532654876000395
606,0.42303334726441183,0.9530678786681158
607,0.42308336420131326,0.9537101076968679
608,0.4231036184158494,0.9536607054638869
609,0.423896276194763,0.9552415769192768
610,0.42418970824614516,0.9519316273095544
611,0.42440508431031376,0.9535619009979251
612,0.42425331144241235,0.9530678786681158
613,0.425490503433913,0.9515858116786878
614,0.4242867036456226,0.9538089121628298
615,0.42411595301959043,0.9528208675032112
616,0.4232395083614844,0.9527220630372493
617,0.424289462081808,0.9513882027467642
618,0.4237044530756106,0.952870269736192
619,0.4236291498123142,0.9553897836182196
620,0.42439584040422346,0.9533642920660014
621,0.42459801045745615,0.9531666831340777
622,0.42348425591207167,0.9518328228435925
623,0.4243089138623678,0.9506471692520502
624,0.42414583128656075,0.9512893982808023
625,0.4241796059196789,0.9513882027467642
626,0.4244446852969735,0.952870269736192
627,0.42590642001437296,0.9524256496393637
628,0.42573920886214384,0.9539077166287916
629,0.42584566849288247,0.9537595099298488
630,0.42729371432988744,0.95435233672562
631,0.42833330892521193,0.9545005434245628
632,0.4274436234944833,0.9544511411915818
633,0.4267130876170894,0.9532654876000395
634,0.4267430279426927,0.9529690742021539
635,0.42703037050956444,0.9544017389586009
636,0.4287853527477042,0.950844778183974
637,0.4287693555533326,0.9504989625531074
638,0.4273199494280285,0.9513882027467642
639,0.42798956883749667,0.9493133089615651
640,0.4264724396997595,0.9532654876000395
641,0.42705468155641574,0.9517834206106116
642,0.4258343112139996,0.9535619009979251
643,0.4265122051938171,0.9532654876000395
644,0.42599409924469545,0.952919671969173
645,0.4250221262122903,0.9524256496393637
646,0.4254123557944769,0.9527714652702303
647,0.42508719416443025,0.9518328228435925
648,0.4247773435864851,0.9523762474063827
649,0.4245019709007785,0.9520304317755163
650,0.424752887064236,0.9528208675032112
651,0.4249386744717192,0.9519810295425353
652,0.4257448492670569,0.9500543424562791
653,0.42423305645195414,0.9513882027467642
654,0.4242697700511329,0.9523762474063827
655,0.42416246970286925,0.9530678786681158
656,0.42405871771183035,0.952870269736192
657,0.42380766484496324,0.9533642920660014
658,0.4238493164574503,0.9524750518723446
659,0.4239955473232486,0.9526726608042684
660,0.4246866688603523,0.9498073312913744
661,0.424856320884317,0.951487007212726
662,0.4239668477933809,0.9527220630372493
663,0.4245685706084317,0.9532654876000395
664,0.42430823743809226,0.9531666831340777
665,0.4234556743061794,0.9527714652702303
666,0.42367151994306346,0.952870269736192
667,0.4244709382096032,0.9532160853670586
668,0.42497589046568973,0.9522774429404209
669,0.4259890814669927,0.9522280407074399
670,0.4261795199463118,0.9519810295425353
671,0.4247569670178119,0.9533642920660014
672,0.42517933117409673,0.9527714652702303
673,0.4250461934889448,0.9533642920660014
674,0.426050210707392,0.952870269736192
675,0.4266347235813343,0.9516846161446497
676,0.4249451521441304,0.9526232585712874
677,0.4240918153414446,0.9531666831340777
678,0.4248922426884788,0.9513388005137833
679,0.42408522134091936,0.9527220630372493
680,0.42421419700685875,0.9532160853670586
681,0.4237947860163343,0.952919671969173
682,0.42576965043274834,0.9524256496393637
683,0.4263509530709956,0.951437604979745
684,0.4258819157220284,0.9534630965319633
685,0.4260526216209061,0.9530678786681158
686,0.4253886402638714,0.9539077166287916
687,0.42620550398611795,0.9540559233277344
688,0.4243285063843346,0.9541547277936963
689,0.4249672206634424,0.9511411915818595
690,0.42362523606484576,0.9560814148799526
691,0.4238353387885054,0.955735599249086
692,0.42434511114911183,0.950795375950993
693,0.4248954314450802,0.9517834206106116
694,0.42526482320533326,0.950795375950993
695,0.42484142005372366,0.951487007212726
696,0.42449418825444873,0.9503013536211837
697,0.4261405625571748,0.9477324375061753
698,0.4253085737458616,0.9497579290583934
699,0.42430554243870283,0.9515858116786878
700,0.42441283514281,0.952178638474459
701,0.4244930317140842,0.952178638474459
702,0.42445621529328903,0.9526232585712874
703,0.42461286615968014,0.9500543424562791
704,0.42431102697162126,0.952870269736192
705,0.4243332793861996,0.9515858116786878
706,0.42503164115674064,0.9520304317755163
707,0.425080847170572,0.9527220630372493
708,0.425071750396899,0.9531172809010967
709,0.424920093397762,0.9537595099298488
710,0.4239642751603979,0.9546981523564865
711,0.4244620382945216,0.9526726608042684
712,0.42453579793480806,0.9522774429404209
713,0.42513100950538135,0.9532654876000395
714,0.4244791165255473,0.9523268451734018
715,0.42367363414579384,0.9544511411915818
716,0.424349965607389,0.9540559233277344
717,0.42372952318846874,0.9535619009979251
718,0.42432789302892826,0.9539571188617726
719,0.42475228051639746,0.9506965714850312
720,0.42431077801349854,0.9538089121628298
721,0.42472259895181136,0.9545499456575437
722,0.42542541488869046,0.955735599249086
723,0.4244968387237259,0.9542535322596581
724,0.42389520842155887,0.9545993478905247
725,0.4254845941073081,0.9542041300266773
726,0.42469793354928426,0.9548463590554293
727,0.42378178070127664,0.955043967987353
728,0.42352816947572713,0.9526232585712874
729,0.4239917486244345,0.9504495603201265
730,0.4230905866994865,0.951487007212726
731,0.4226260389147889,0.9546981523564865
732,0.42274374806290693,0.955043967987353
733,0.4229919006528473,0.9552415769192768
734,0.42432552438173887,0.9532160853670586
735,0.4243594567118267,0.9534136942989823
736,0.42364075035639215,0.9552415769192768
737,0.42492626414353163,0.9562296215788954
738,0.4244362051788259,0.9551921746862958
739,0.42463113548095927,0.9546487501235056
740,0.42445930154914,0.9549451635213911
741,0.42567031373213826,0.953611303230906
742,0.42563514976805267,0.9519810295425353
743,0.42591676605588513,0.9516846161446497
744,0.4272859394416195,0.9496591245924316
745,0.4279670259231832,0.9477818397391562
746,0.425537902500351,0.9503507558541646
747,0.424743310645281,0.9521292362414782
748,0.4235247702471695,0.9520798340084972
749,0.42420628491021883,0.9515858116786878
750,0.42485568332512313,0.9519810295425353
751,0.4253538133957385,0.9499061357573362
752,0.42509310782662046,0.9499555379903172
753,0.4258780560043949,0.9484734710008892
754,0.42529832354006236,0.9498073312913744
755,0.42424498578145203,0.9507459737180121
756,0.4243112287450395,0.9505977670190693
757,0.42429916387973593,0.9511905938148404
758,0.4243587396109152,0.9522280407074399
759,0.4242377068447183,0.9515858116786878
760,0.42432688909485494,0.9516846161446497
761,0.42523619478879116,0.9496591245924316
762,0.42630731365235547,0.9498567335243553
763,0.42750838690034215,0.9480288509040609
764,0.42529366214459174,0.952919671969173
765,0.42474656599055394,0.9532160853670586
766,0.42368291246537837,0.95435233672562
767,0.42438837142962477,0.9519810295425353
768,0.4240630826359883,0.9513882027467642
769,0.42506838372309436,0.9513882027467642
770,0.4250629770821797,0.950795375950993
771,0.42506286253280157,0.950795375950993
772,0.42496061880138236,0.9510423871158976
773,0.42429972647522834,0.9495603201264697
774,0.4252977652701653,0.9488192866317557
775,0.4247568239646004,0.9500543424562791
776,0.42420981172334554,0.9517834206106116
777,0.42535734433369193,0.9536607054638869
778,0.42499125646244157,0.9525738563383065
779,0.4245723295353066,0.9520798340084972
780,0.42528897216649547,0.9515858116786878
781,0.4300618732709747,0.9490168955636795
782,0.4301645009288215,0.9511905938148404
783,0.4284895869275787,0.9531666831340777
784,0.42703965341131866,0.952870269736192
785,0.4262273704879911,0.9526232585712874
786,0.4262691318635331,0.9537101076968679
787,0.4254589908119341,0.9550933702203339
788,0.42513601127691386,0.9562296215788954
789,0.42537651007649585,0.9545499456575437
790,0.4243705610590329,0.9554391858512005
791,0.4244276359677091,0.95435233672562
792,0.4235802144351529,0.9542535322596581
793,0.42324605566887236,0.9544511411915818
794,0.42333972588942964,0.9542535322596581
795,0.4245211179978166,0.9532654876000395
796,0.4245675659335651,0.9528208675032112
797,0.42540688345482564,0.9520798340084972
798,0.42665861542463285,0.9502519513882027
799,0.4267908580274233,0.949412113427527
800,0.42676574221301766,0.9508941804169548
801,0.4263686586406383,0.9503507558541646
802,0.42639110324826934,0.9511905938148404
803,0.4265536067515176,0.9531172809010967
804,0.426429403832536,0.9531172809010967
805,0.4248422633481357,0.9534136942989823
806,0.4244647306478313,0.9534136942989823
807,0.42652186668131054,0.949362711194546
808,0.4245751214105585,0.9521292362414782
809,0.42539158856105297,0.9520798340084972
810,0.4265143873583268,0.949362711194546
811,0.42509112239644903,0.9536607054638869
812,0.4249304150784383,0.9545993478905247
813,0.42482592514979384,0.9537101076968679
814,0.42358394246706627,0.9533642920660014
815,0.42340115797544353,0.9542535322596581
816,0.4248556417537309,0.9531172809010967
817,0.4228807489025005,0.9553897836182196
818,0.4233316609345167,0.9552415769192768
819,0.4227121122497619,0.9542535322596581
820,0.4227731372805101,0.9539571188617726
821,0.42339909081156246,0.9539077166287916
822,0.42440486746549816,0.9532160853670586
823,0.4237914518475125,0.9531172809010967
824,0.42499085184739765,0.9496097223594506
825,0.42467326180033776,0.9495109178934887
826,0.4248342684362233,0.9509929848829167
827,0.42355705084756345,0.9522774429404209
828,0.4232521439856943,0.9536607054638869
829,0.4235308407476029,0.952870269736192
830,0.4236003594470599,0.955043967987353
831,0.4236565984862395,0.9541547277936963
832,0.42457822360887243,0.9545499456575437
833,0.4241598563497607,0.9550933702203339
834,0.42463865599594003,0.9534630965319633
835,0.4264170897917061,0.950844778183974
836,0.42463445663602783,0.9545993478905247
837,0.42350729259361486,0.953611303230906
838,0.42406366523189676,0.9545993478905247
839,0.4231890128086946,0.9540559233277344
840,0.4236054394987554,0.9545499456575437
841,0.4238176283488662,0.9544017389586009
842,0.42448855149910936,0.9535619009979251
843,0.42479575438140876,0.9532654876000395
844,0.42578571803433585,0.9527714652702303
845,0.424929997946832,0.952178638474459
846,0.4249587354254051,0.950795375950993
847,0.42461839120638406,0.9509929848829167
848,0.4243882925363398,0.9525738563383065
849,0.42322127749921723,0.9542535322596581
850,0.4237542094458321,0.9544017389586009
851,0.4246379897982081,0.9530184764351348
852,0.42341051750727393,0.9545005434245628
853,0.4240700984511543,0.955043967987353
854,0.42379573355187616,0.9555379903171624
855,0.42532303876356875,0.9546981523564865
856,0.4245981904040838,0.952870269736192
857,0.42605857063641484,0.9509929848829167
858,0.4280778681518188,0.9487698843987749
859,0.4255079443123993,0.952178638474459
860,0.42445195348888465,0.9522774429404209
861,0.4242941865187709,0.9534630965319633
862,0.42557853596279877,0.9533148898330205
863,0.4260951000133671,0.9546981523564865
864,0.4265478940246674,0.9546487501235056
865,0.42652939893865044,0.9536607054638869
866,0.42635248212946714,0.9538089121628298
867,0.42456358217358875,0.9533642920660014
868,0.42535519687422857,0.952919671969173
869,0.4267725714375146,0.9524750518723446
870,0.4263399628089336,0.9525244541053256
871,0.4298061500551315,0.9489674933306985
872,0.4308593365383002,0.9498567335243553
873,0.4303973336106893,0.9506965714850312
874,0.42762305466321965,0.9532654876000395
875,0.4253565392020435,0.9523268451734018
876,0.42404256427474646,0.9525244541053256
877,0.42446532863951336,0.9507459737180121
878,0.42528960451851094,0.949412113427527
879,0.4241853264008295,0.950844778183974
880,0.4280595567728355,0.9481770576030036
881,0.42529090634766076,0.9520304317755163
882,0.42540100090800903,0.9520798340084972
883,0.424874660804369,0.9516352139116688
884,0.42543673777071017,0.9529690742021539
885,0.4275216723330156,0.9535124987649441
886,0.4276919395308292,0.9536607054638869
887,0.4274417419018897,0.9537101076968679
888,0.42660574135873147,0.9544017389586009
889,0.42752833026660036,0.9548957612884102
890,0.42743227991882377,0.9539077166287916
891,0.4256970023882551,0.9538583143958107
892,0.42605907191469444,0.9537101076968679
893,0.4265444338780948,0.9544017389586009
894,0.4270862127901922,0.9533642920660014
895,0.42603080214021627,0.9539077166287916
896,0.42638978540822553,0.9534136942989823
897,0.42652296932560996,0.9518328228435925
898,0.42448784630256753,0.9542041300266773
899,0.4245484675089351,0.9537101076968679
900,0.4256781133035728,0.9531172809010967
901,0.42677354276999296,0.9504001580871455
902,0.42585337369441234,0.9529690742021539
903,0.4255244381191819,0.9544017389586009
904,0.4250995161808841,0.9541547277936963
905,0.42538083142593913,0.952919671969173
906,0.42512826028379935,0.9531172809010967
907,0.4279695759757862,0.9518822250765735
908,0.4262617648724281,0.9544017389586009
909,0.4282021446790475,0.9512893982808023
910,0.42551005070122844,0.9541547277936963
911,0.42448230294218825,0.9529690742021539
912,0.4254270367549146,0.9515858116786878
913,0.4260394933743792,0.9507459737180121
914,0.42882142504175025,0.9460033593518427
915,0.42787834199326197,0.9477818397391562
916,0.4255327192745397,0.9516846161446497
917,0.42449529178306933,0.9527714652702303
918,0.423446663447054,0.953611303230906
919,0.42355805140544317,0.9542535322596581
920,0.4235362475771686,0.9538583143958107
921,0.42531078121194854,0.9530678786681158
922,0.4244928366351146,0.9538089121628298
923,0.4258301436564078,0.9541053255607154
924,0.42589040802246203,0.9537595099298488
925,0.42586553378112996,0.9540065210947535
926,0.42498059343997724,0.9535124987649441
927,0.42376817468293454,0.9529690742021539
928,0.42487979783139257,0.9537101076968679
929,0.42496923995475866,0.9516846161446497
930,0.4259631925029248,0.9498073312913744
931,0.42391987637240985,0.9526726608042684
932,0.4248051739500567,0.9519316273095544
933,0.4253420428336874,0.9526726608042684
934,0.4275671492085018,0.9485722754668511
935,0.4273304288293313,0.9490168955636795
936,0.4257871260851095,0.9515858116786878
937,0.42585171743127853,0.9497085268254125
938,0.4257500001701309,0.95010374468926
939,0.4260467290395163,0.9510423871158976
940,0.4250350813814196,0.9512399960478214
941,0.42584859120902846,0.9511905938148404
942,0.4243124298854597,0.9525244541053256
943,0.4239951324122874,0.9531666831340777
944,0.4265113701056024,0.952178638474459
945,0.4271410325542099,0.952178638474459
946,0.4250377568578254,0.9521292362414782
947,0.4238775521420775,0.9529690742021539
948,0.42376513133963606,0.9516846161446497
949,0.42415617744141054,0.9541547277936963
950,0.42438092296562707,0.9532654876000395
951,0.42486871852045666,0.954302934492639
952,0.42456842017284463,0.954302934492639
953,0.42535918388557786,0.9523268451734018
954,0.4254878381317745,0.952178638474459
955,0.42516146662177917,0.9540559233277344
956,0.428633656059888,0.9499555379903172
957,0.4279425260491394,0.9499061357573362
958,0.4259397836940834,0.9524750518723446
959,0.42499443472139325,0.9535619009979251
960,0.42604686351625887,0.9535619009979251
961,0.4285748574868716,0.9515364094457069
962,0.4252686886210259,0.9540065210947535
963,0.42399042936515535,0.9549945657543721
964,0.42326598314671704,0.955043967987353
965,0.4249668327135356,0.9544017389586009
966,0.42608114916614226,0.9525738563383065
967,0.4246878609492517,0.9529690742021539
968,0.4264135894182045,0.9524750518723446
969,0.4293872667088716,0.9495603201264697
970,0.4270131857555038,0.9506965714850312
971,0.42633792372303364,0.9512893982808023
972,0.42688339956842297,0.952919671969173
973,0.42583297633325984,0.9530678786681158
974,0.4271683263415336,0.9518822250765735
975,0.42746180258844163,0.9523268451734018
976,0.42686926302038,0.9525738563383065
977,0.4247927774832386,0.9519810295425353
978,0.4238774830685345,0.9526232585712874
979,0.42436965125959947,0.9535124987649441
980,0.4238637494632259,0.9556367947831242
981,0.4243084990147451,0.9533148898330205
982,0.4242820990043421,0.9542041300266773
983,0.4244163372853807,0.9535124987649441
984,0.42608918753257585,0.9504989625531074
985,0.42487996712575116,0.9537595099298488
986,0.42609270886743045,0.9539077166287916
987,0.42723132912357437,0.9531666831340777
988,0.4254586805065584,0.9528208675032112
989,0.42488569412634347,0.9541053255607154
990,0.42660587443852255,0.9540065210947535
991,0.42673061720182615,0.953611303230906
992,0.4259678791400914,0.9522774429404209
993,0.424321563675176,0.9520304317755163
994,0.4247086215376723,0.9534630965319633
995,0.42669498030638076,0.9525244541053256
996,0.42682611776788154,0.9537101076968679
997,0.42765490104128656,0.9519316273095544
998,0.4261873304219371,0.9528208675032112
999,0.42713009394456175,0.9542041300266773
1000,0.42775496910633726,0.9541053255607154
