# Configuration:

dataset name: rcv1
model name: softmax classification
num_clients: 100
participation_rate: 0.1
num_classes: 10
numLocalEpochs: 5
learning_rate: 0.001
lambda: 0.01
mu: 0.0001
num_classes: 10
# Results:

round,obj,test
1,1.0459390763473728,0.8267
2,0.8051112399712178,0.8543
3,0.7134813323787961,0.8662
4,0.6663451094352032,0.8723
5,0.6383572677382712,0.8769
6,0.6196352616996141,0.88
7,0.6063299734837749,0.8806
8,0.5976930800360032,0.8837
9,0.5916895951503954,0.883
10,0.5866488879756261,0.8855
11,0.5823268473277082,0.8885
12,0.5797253376452635,0.8894
13,0.5754380593055505,0.8896
14,0.5729468086149757,0.8911
15,0.572573232415557,0.8914
16,0.5698000754895343,0.8932
17,0.5689410525840138,0.8942
18,0.5680942555413161,0.8942
19,0.5668858350413104,0.8963
20,0.5666848971922892,0.896
21,0.5655051619528583,0.8959
22,0.564636267444201,0.8981
23,0.5649817447176768,0.8984
24,0.5644165547510537,0.8972
25,0.5640137472983358,0.8974
26,0.5636288911356555,0.8982
27,0.5632463264088992,0.8996
28,0.5633640944733722,0.9012
29,0.5627435952754185,0.9003
30,0.5621839661219662,0.9004
31,0.5619893120491523,0.9003
32,0.5625760850141225,0.8997
33,0.5621786368713924,0.8996
34,0.5617288090107591,0.8999
35,0.5618537000505929,0.9002
36,0.5613550465859531,0.9028
37,0.561395498379028,0.9011
38,0.561077780328052,0.9012
39,0.5612876993035558,0.9014
40,0.560955694668414,0.9025
41,0.560762333474006,0.9027
42,0.5608678831482591,0.9025
43,0.5609482953824302,0.9027
44,0.5607761159354776,0.903
45,0.5622637102107121,0.9022
46,0.5610731555263757,0.9018
47,0.5608157331298299,0.9027
48,0.56092323645328,0.9034
49,0.560641567164575,0.904
50,0.560962754874613,0.9034
51,0.5606855502093538,0.9027
52,0.5607942770287654,0.903
53,0.560904733861477,0.903
54,0.5607175480076585,0.9031
55,0.5605009227017009,0.9036
56,0.560120063750183,0.9033
57,0.5603299149014764,0.9045
58,0.5604055928749271,0.9032
59,0.5605986359522785,0.9024
60,0.5605107271161976,0.9023
61,0.560795749173227,0.9022
62,0.5609526510797828,0.9038
63,0.5607061979989298,0.9025
64,0.5605181651469867,0.9027
65,0.5607609893328606,0.9016
66,0.5611484145838133,0.9021
67,0.5603729645484287,0.9036
68,0.560288389446684,0.9031
69,0.5605110991013785,0.9046
70,0.5600163918057693,0.9031
71,0.5603186668369327,0.9031
72,0.5610434162947094,0.9027
73,0.5607355757351119,0.9029
74,0.5600021709580566,0.9035
75,0.5605583987964011,0.904
76,0.5600934957708279,0.9046
77,0.5608934465634628,0.9041
78,0.560014777624428,0.9047
79,0.55995639482433,0.9042
80,0.5602981584264007,0.9025
81,0.560101785483966,0.9048
82,0.5600152853450538,0.9038
83,0.5602448856913064,0.9044
84,0.5609138274800343,0.905
85,0.561055498626369,0.9037
86,0.5606162783021529,0.9035
87,0.5605681956103672,0.9042
88,0.5606613185541954,0.9051
89,0.560722834163643,0.9031
90,0.5603696199135879,0.9044
91,0.5598437985716257,0.9055
92,0.5598904047423753,0.9049
93,0.5601453407918191,0.9047
94,0.5602052325674208,0.9042
95,0.5607945277034004,0.9041
96,0.5609937547836034,0.9027
97,0.5604297664132437,0.9042
98,0.5603715096592645,0.9044
99,0.5602343855726724,0.9047
100,0.56069875079751,0.904
101,0.5602645336437841,0.9027
102,0.5607691596248019,0.9028
103,0.5602319364686991,0.9021
104,0.560944728667251,0.9031
105,0.5602647516596225,0.903
106,0.5604319323963822,0.9029
107,0.5610771048291755,0.9013
108,0.5598298631880687,0.9048
109,0.5598967455385437,0.9039
110,0.559920449701429,0.9044
111,0.5601253022506012,0.9041
112,0.5603540020773917,0.9031
113,0.5601144304142507,0.9049
114,0.5602916030096786,0.9038
115,0.5600610669872326,0.9042
116,0.5604739570648478,0.903
117,0.5599836998768637,0.9036
118,0.5601397629519879,0.9027
119,0.560597483550661,0.9013
120,0.5608520224859852,0.9035
121,0.5600949577991059,0.9031
122,0.560252772900837,0.9043
123,0.5611893038161808,0.9027
124,0.5605516104015948,0.9035
125,0.5616768224104566,0.9037
126,0.5609041112434205,0.9029
127,0.5609038820775811,0.9033
128,0.5605103038810401,0.9026
129,0.5604411702775026,0.9035
130,0.5600825956611813,0.903
131,0.5601334415211453,0.9035
132,0.5604930736851765,0.903
133,0.5602962691992524,0.9045
134,0.5603810728047695,0.9019
135,0.5606453211660378,0.9031
136,0.5604428228138596,0.9024
137,0.5603174837343086,0.9041
138,0.5607837228901759,0.9029
139,0.5597823537185399,0.9039
140,0.560378521504194,0.9043
141,0.5602998436361217,0.9035
142,0.5604099291908411,0.9036
143,0.5601595180768327,0.903
144,0.5604583843793773,0.9036
145,0.5605614724603778,0.9048
146,0.5603123771614429,0.9029
147,0.5605723218682843,0.9034
148,0.5606909231749743,0.9029
149,0.5604142159744234,0.903
150,0.5603692837088279,0.9021
151,0.5608524375486749,0.9029
152,0.5609087743200192,0.9049
153,0.5606664298484955,0.9038
154,0.5602731494610275,0.9044
155,0.5602532139673343,0.9034
156,0.5601712964570947,0.903
157,0.5605433202124366,0.9035
158,0.56039701894257,0.9048
159,0.5606017236769467,0.9043
160,0.5607610853772789,0.9049
161,0.5609859558632241,0.9051
162,0.5607193383916139,0.9044
163,0.5604507341998296,0.9036
164,0.5606628663009474,0.9039
165,0.5605155480475428,0.9021
166,0.5600285002578068,0.9034
167,0.5601243407221079,0.9047
168,0.5603838932558627,0.9034
169,0.5606271436922418,0.9025
170,0.560999909149054,0.9028
171,0.560875356952003,0.9035
172,0.5605921913117327,0.9049
173,0.5604048836791838,0.9041
174,0.5605657510884939,0.9049
175,0.56106322998332,0.9049
176,0.560234609062634,0.9037
177,0.5598406035812042,0.9028
178,0.5603767972477014,0.904
179,0.5604496372463732,0.9037
180,0.560349768825248,0.9044
181,0.5601431407204863,0.9035
182,0.5603545957312149,0.9036
183,0.5601546200384162,0.9034
184,0.5598415719058595,0.9039
185,0.5602812694114105,0.9044
186,0.5606535003102135,0.9028
187,0.5604771901805088,0.9013
188,0.5601756581260362,0.9032
189,0.5601987500367864,0.9023
190,0.5603557467867528,0.9045
191,0.5599128875417811,0.9047
192,0.5605817124228443,0.9043
193,0.5600894485811815,0.9031
194,0.5604534732925577,0.9036
195,0.5601681387284942,0.9029
196,0.560439211843179,0.9029
197,0.560585872611712,0.9036
198,0.5603585448235896,0.9035
199,0.5602135141381278,0.904
200,0.5607128310811758,0.904
201,0.5605097502657987,0.9031
202,0.5605010119034147,0.9035
203,0.5603588608355508,0.9034
204,0.560554402061139,0.9033
205,0.5606486478384821,0.903
206,0.5600964416614668,0.9028
207,0.5598900071163253,0.905
208,0.5602349562970008,0.9032
209,0.5605110607256545,0.904
210,0.5600116874555284,0.9042
211,0.5602916174257158,0.9033
212,0.5607527092564224,0.9032
213,0.560980300106554,0.9031
214,0.56054783129473,0.9028
215,0.5602499255729892,0.9041
216,0.561139991525589,0.9047
217,0.5603758222970171,0.9042
218,0.5601651231589546,0.9032
219,0.5598532440923404,0.9047
220,0.5601186749490915,0.903
221,0.5601700147201643,0.903
222,0.560053543767047,0.9045
223,0.5602270321338577,0.9039
224,0.560260222395597,0.9039
225,0.56046365390683,0.903
226,0.5601122520371269,0.903
227,0.5609582650474124,0.9039
228,0.5607222566112312,0.903
229,0.5605023872254362,0.9042
230,0.56063916682381,0.9024
231,0.5604465060859454,0.902
232,0.5607251539739937,0.9039
233,0.5605161413111218,0.9033
234,0.5611061890032302,0.9042
235,0.5612607728842359,0.9036
236,0.5614739585396396,0.9009
237,0.5606011082269309,0.9032
238,0.5604135641604726,0.9031
239,0.5601758421584818,0.904
240,0.5600128408341861,0.9038
241,0.5603397449907499,0.9038
242,0.55997965772382,0.9042
243,0.5605783227406935,0.903
244,0.5601959010155116,0.9053
245,0.5603268651489443,0.9027
246,0.5601139516611396,0.9044
247,0.5603555225003478,0.9034
248,0.5601166408431906,0.9037
249,0.5605195320806515,0.9048
250,0.5601091355532586,0.9036
251,0.5609027054291408,0.9032
252,0.5605128535545917,0.903
253,0.5605888362644966,0.9045
254,0.5604013420301547,0.9031
255,0.5605310804870549,0.9059
256,0.5600816689926968,0.904
257,0.5606998689412278,0.9046
258,0.5604101958898623,0.903
259,0.5601558450867297,0.9025
260,0.560158088463723,0.9035
261,0.5599458543488312,0.9031
262,0.5603134907522346,0.9035
263,0.5601078234227953,0.9043
264,0.5600669979911675,0.9042
265,0.5599760364654512,0.9038
266,0.5606161627907,0.9027
267,0.5600848259627843,0.9046
268,0.5603752657913995,0.9036
269,0.5602376114095898,0.9032
270,0.5605303071388918,0.903
271,0.5610045268062116,0.9021
272,0.5603520536449618,0.9033
273,0.5603390356445246,0.903
274,0.5603619506887402,0.9037
275,0.5600273487250174,0.9043
276,0.560190335772219,0.9044
277,0.5603940597877491,0.9041
278,0.5597822942859535,0.9052
279,0.5597802641639785,0.9055
280,0.5602075122234881,0.9054
281,0.5600760585669341,0.9049
282,0.5600323799924473,0.9041
283,0.5600926235074797,0.9049
284,0.5598257055781338,0.9039
285,0.5600078891402808,0.9041
286,0.5598897584375234,0.9062
287,0.5600094634861053,0.9056
288,0.5599214298527313,0.9052
289,0.5600387739922512,0.9048
290,0.5602152150425104,0.9042
291,0.5605128643704137,0.9038
292,0.5602704416048206,0.9032
293,0.560285564081712,0.9042
294,0.5604808699427565,0.9037
295,0.5607736981461895,0.904
296,0.5601105012942819,0.9037
297,0.5601208071789804,0.9049
298,0.560357642861791,0.9037
299,0.5600690586970758,0.9042
300,0.5603517903850325,0.904
301,0.5601027102587611,0.9037
302,0.5602226107030697,0.9034
303,0.5600909370492649,0.9047
304,0.5601581470816402,0.9036
305,0.5598157490133372,0.9052
306,0.5600333573684337,0.9044
307,0.5602075365606669,0.9039
308,0.5604692244429959,0.9049
309,0.560452805614131,0.9048
310,0.5604059256210194,0.9032
311,0.5599722738323698,0.9055
312,0.5601141292988564,0.9045
313,0.560220571420245,0.9041
314,0.5602085987859008,0.906
315,0.560641081772683,0.9051
316,0.560057854182272,0.9046
317,0.5601885876850923,0.905
318,0.5602968474509813,0.9048
319,0.5605425171128707,0.9049
320,0.5601905985998533,0.9042
321,0.561270190286294,0.9052
322,0.5603826167454975,0.9052
323,0.5602995588243864,0.904
324,0.5603201133947151,0.9034
325,0.5608792148650703,0.9027
326,0.5604899319922816,0.9051
327,0.5600568184007352,0.9044
328,0.5604428468425405,0.9036
329,0.5602001616752996,0.9042
330,0.5603259091323951,0.9041
331,0.5601674221907077,0.9038
332,0.5603329409748617,0.9039
333,0.5604332451671724,0.9032
334,0.5603304930456245,0.9046
335,0.5599461132970498,0.9056
336,0.5600666402429203,0.9045
337,0.560303690364011,0.9051
338,0.5601882855942591,0.9044
339,0.5603489517951193,0.905
340,0.5599449564236675,0.9045
341,0.5597851313730411,0.9055
342,0.5598169720500966,0.9047
343,0.5604868917461577,0.9036
344,0.5603347732951506,0.9043
345,0.5598968572052011,0.9043
346,0.5599708041622066,0.9038
347,0.5601221797559949,0.9044
348,0.5603397657519531,0.9038
349,0.559753757798649,0.905
350,0.560015277770888,0.9033
351,0.5601527199869494,0.9034
352,0.5609293222396453,0.9027
353,0.5606701576948159,0.9041
354,0.5608781501710326,0.9036
355,0.5605540555972541,0.9032
356,0.5600970853837682,0.9037
357,0.5598657306878445,0.9041
358,0.5605014887895184,0.9025
359,0.5606663670561807,0.9034
360,0.5600277119183614,0.903
361,0.5597547593652691,0.9048
362,0.5607337199946131,0.9036
363,0.5604094285122063,0.9034
364,0.5603560650150393,0.9046
365,0.5605352237294589,0.9035
366,0.5603113163079837,0.904
367,0.5611779209298934,0.9024
368,0.5600816840806436,0.9037
369,0.56017255502177,0.9041
370,0.5601848240652516,0.9045
371,0.5610135508120553,0.9042
372,0.560239623261601,0.9033
373,0.5605209850390648,0.903
374,0.5603290437159488,0.9043
375,0.5609109207106155,0.904
376,0.5607716150321689,0.904
377,0.5606399358621493,0.9039
378,0.5609624550009387,0.9025
379,0.5601813351434308,0.9032
380,0.5604816045756735,0.9012
381,0.5603580934379598,0.9041
382,0.5607112711661443,0.9035
383,0.5600705404982909,0.9058
384,0.560434545747443,0.9046
385,0.5598097484313753,0.9039
386,0.5609383485993037,0.9028
387,0.5605908576107886,0.9037
388,0.5614881531401862,0.9027
389,0.5607034688560512,0.9037
390,0.5606124707230369,0.9041
391,0.5601210264881586,0.9059
392,0.5604661447202257,0.9036
393,0.5602751134473168,0.9055
394,0.5603495958904056,0.9037
395,0.5606044749540957,0.9032
396,0.5609659509660243,0.9032
397,0.5604236914347739,0.9036
398,0.560954264658937,0.9025
399,0.5605335752285547,0.9034
400,0.560387608440236,0.9034
401,0.5602373563932858,0.9045
402,0.5601929711136504,0.9025
403,0.561323461519118,0.9036
404,0.5600338631189647,0.9039
405,0.5602495664966388,0.9033
406,0.5598312194567546,0.9034
407,0.56007435377198,0.9037
408,0.5604396286406966,0.9031
409,0.5602152419013064,0.9028
410,0.5600580500184641,0.9035
411,0.5599485099195025,0.9041
412,0.5605718980827548,0.9033
413,0.5602937318355258,0.9039
414,0.5609742843432898,0.9023
415,0.5604228815019092,0.9037
416,0.5601039983303825,0.903
417,0.5605596154871273,0.9016
418,0.5601083235847972,0.9036
419,0.5615635145259573,0.9034
420,0.5604631173615807,0.9037
421,0.5605191153336933,0.9025
422,0.56026439995057,0.9033
423,0.5604110798656508,0.9027
424,0.5602162806930923,0.9028
425,0.5603856583010742,0.9039
426,0.5599903878850263,0.9031
427,0.5603918354966282,0.9031
428,0.5602648902561178,0.9032
429,0.5610791193876371,0.9014
430,0.5600939900518412,0.903
431,0.5600692980526244,0.9038
432,0.5606673943331439,0.9027
433,0.5599417086357477,0.9042
434,0.5604847358281391,0.9035
435,0.560603572017509,0.9038
436,0.5604927139606997,0.9034
437,0.5602962946478873,0.9039
438,0.5604143421274225,0.9026
439,0.5600980604970804,0.9037
440,0.5599549268575974,0.9041
441,0.5600362762238635,0.904
442,0.5599043698959666,0.9045
443,0.560215025920817,0.9041
444,0.5605725946854151,0.9043
445,0.5602650013600872,0.904
446,0.5603044343490268,0.9039
447,0.5611900535551433,0.9028
448,0.5608242248543893,0.9047
449,0.560304325780503,0.9037
450,0.5610493515966146,0.9038
451,0.5600352128058328,0.9045
452,0.5603668213484171,0.9032
453,0.5605562589796231,0.9038
454,0.5607417672873122,0.9041
455,0.5604105902419074,0.9039
456,0.5609075525280133,0.9014
457,0.560177927002557,0.9033
458,0.559810883493499,0.9041
459,0.5599044334703637,0.9037
460,0.5603615164916318,0.9025
461,0.5603175380499262,0.902
462,0.5601635632234643,0.9032
463,0.5602464340027007,0.9036
464,0.5602296008327072,0.9048
465,0.5605217779662585,0.9051
466,0.5606123751040676,0.9045
467,0.560495241149944,0.9052
468,0.5610246610676914,0.9044
469,0.5608773999167191,0.9029
470,0.560482250611216,0.9045
471,0.5601693816253452,0.9057
472,0.5609667237637004,0.9043
473,0.5611805180367041,0.9041
474,0.5615195379800304,0.9035
475,0.5608055109247275,0.904
476,0.5605836197072155,0.9048
477,0.560564445316756,0.904
478,0.5609922301984221,0.9026
479,0.5602493837335845,0.9044
480,0.5607141594579824,0.9041
481,0.5608516401273062,0.902
482,0.5604530453021495,0.9031
483,0.5602255344917945,0.9027
484,0.5600447009132687,0.9037
485,0.5601145674633005,0.9053
486,0.5599815820185083,0.9046
487,0.5603873560854441,0.9033
488,0.560495987331285,0.9039
489,0.560224146243798,0.9036
490,0.5606903833796029,0.9034
491,0.5601476513010089,0.9044
492,0.5607663924294021,0.9031
493,0.5604554580206551,0.9037
494,0.5603839798021781,0.9034
495,0.5607994180659888,0.9029
496,0.5607626031317111,0.9034
497,0.5603876745902935,0.9037
498,0.5607042888926125,0.9029
499,0.5602608673242424,0.9029
500,0.5613672615065558,0.9007
