# Configuration:

dataset name: rcv1
model name: softmax classification
num_clients: 100
learning_rate: 1.0
participation_rate: 0.05
num_classes: 10
numLocalEpochs: 5
learning_rate: 0.001
lambda: 0.01
num_classes: 10
# Results:

round,obj,test
1,1.0535728291352173,0.8181
2,0.8060607716975217,0.8488
3,0.7136933673604651,0.8667
4,0.6675330228820371,0.8686
5,0.6393805645826827,0.8751
6,0.6215318656280496,0.8772
7,0.6074737389686842,0.8806
8,0.5984403559520555,0.8831
9,0.5931216432882448,0.8843
10,0.5868669045307634,0.8868
11,0.5822832528733587,0.8903
12,0.5800426368807485,0.8885
13,0.577250299351619,0.8908
14,0.5750649621817283,0.8918
15,0.5732873017144618,0.8929
16,0.5714425237090917,0.8954
17,0.5709189308995369,0.8957
18,0.5701158862243156,0.8944
19,0.5691338659474587,0.8942
20,0.5700049188561934,0.8954
21,0.5680192952506826,0.8979
22,0.5674560680036775,0.8973
23,0.5671291980668255,0.8978
24,0.5662701744271591,0.898
25,0.5666726200937622,0.898
26,0.5649675094277072,0.8995
27,0.5660850952041624,0.8986
28,0.5644621715105237,0.8982
29,0.5637587801913174,0.9001
30,0.5652497104427636,0.8992
31,0.5647731378481531,0.8988
32,0.5638616270608545,0.9001
33,0.5637233665370018,0.8995
34,0.5638487062258585,0.8991
35,0.563738857644275,0.9007
36,0.5629615889244786,0.9001
37,0.5631707144862708,0.9011
38,0.5637344460259901,0.9004
39,0.5630568303062543,0.9
40,0.5630411414401609,0.8973
41,0.5630573166750634,0.8986
42,0.5632607757068344,0.8986
43,0.5625419115185784,0.8996
44,0.5641305889408846,0.8997
45,0.5622066430769791,0.8998
46,0.5636384362855267,0.8994
47,0.5623712212383668,0.8996
48,0.5636999637875854,0.9004
49,0.5621862420031908,0.9019
50,0.5617947524364632,0.9016
51,0.5621737043774765,0.9007
52,0.5631309457791531,0.9006
53,0.5631398826928092,0.9013
54,0.5630160488962798,0.9022
55,0.5625275181624819,0.9018
56,0.5628723959241215,0.9022
57,0.5625924252053642,0.9024
58,0.5626904189882381,0.9017
59,0.5621810201792922,0.9015
60,0.5628096639032292,0.9019
61,0.5634172490096874,0.9024
62,0.5624080836878173,0.9015
63,0.5637712376085792,0.9025
64,0.5617893391926918,0.9038
65,0.5634758884431772,0.902
66,0.5621582374832655,0.9018
67,0.5619707916746004,0.9015
68,0.5621278207506136,0.9015
69,0.5623861250572422,0.9021
70,0.5633381796835439,0.9014
71,0.5622443884006618,0.903
72,0.5625919221798059,0.9026
73,0.5628181544705536,0.9022
74,0.5619516593290755,0.9025
75,0.5621731626629711,0.903
76,0.5620510182705161,0.903
77,0.5623128229417639,0.9018
78,0.5622375250168602,0.9024
79,0.5615270933121688,0.9033
80,0.5630603399547955,0.902
81,0.5637025017738891,0.9033
82,0.5626738059467766,0.9026
83,0.5628601386209616,0.903
84,0.5627352750737588,0.903
85,0.5623770569313371,0.903
86,0.563018563418963,0.9019
87,0.5627895052822821,0.9029
88,0.5626274205899556,0.9025
89,0.5628824952311869,0.9026
90,0.5622222595226503,0.9035
91,0.5626365289087525,0.9041
92,0.5645584907882822,0.9033
93,0.5624784172689807,0.9041
94,0.5618030638957608,0.9047
95,0.5618279565462492,0.9045
96,0.5615576706514417,0.9035
97,0.5613261145836684,0.9035
98,0.5618986795039786,0.9048
99,0.5620821058254073,0.9028
100,0.5620567000133391,0.9029
101,0.5607841432623846,0.9045
102,0.5618989185048977,0.9036
103,0.5622065102145554,0.9042
104,0.5620848152587767,0.9033
105,0.5632434109885261,0.9047
106,0.5641846742636143,0.9037
107,0.5619653632885877,0.9035
108,0.5631700406214728,0.902
109,0.5629689921304326,0.9034
110,0.5616837908466701,0.9055
111,0.5618047269448844,0.9034
112,0.5610321981763692,0.9047
113,0.5621699499079262,0.9034
114,0.5616914238189327,0.9031
115,0.563136897175776,0.9037
116,0.5620340904977578,0.9041
117,0.5643432980741474,0.9021
118,0.563287303302612,0.902
119,0.5626019721642341,0.9022
120,0.5627221281902797,0.9006
121,0.5636122658787702,0.9032
122,0.5634632839691895,0.9053
123,0.5625885338731212,0.9053
124,0.563130210718469,0.9058
125,0.5617063515077708,0.9041
126,0.5629255642486644,0.9043
127,0.5635574611672812,0.9038
128,0.5637786354221076,0.9052
129,0.5630911731383266,0.9055
130,0.5620927134602921,0.9059
131,0.562053675225238,0.9059
132,0.5622279453803226,0.9049
133,0.5628736018550857,0.9043
134,0.5615234376507953,0.9042
135,0.5623055677790493,0.9021
136,0.5623586929293111,0.9036
137,0.5625219883791598,0.9042
138,0.5621355798133354,0.9014
139,0.5619248949973664,0.9026
140,0.5623567597408399,0.9017
141,0.5617440570396285,0.9032
142,0.5614547744824313,0.9029
143,0.5637208680776142,0.9016
144,0.5620481490385045,0.904
145,0.5617142491580757,0.9033
146,0.561790695055929,0.904
147,0.5626301492291692,0.904
148,0.5620655069835564,0.9037
149,0.5649850915578125,0.9019
150,0.5627853776748623,0.9037
151,0.5630529320030488,0.9023
152,0.5631972459987151,0.9032
153,0.5626986666642431,0.9022
154,0.5630182729516565,0.9044
155,0.5620968782117142,0.902
156,0.5627556834392751,0.9024
157,0.5621428921536435,0.9026
158,0.5627314443023578,0.9025
159,0.5617170963797233,0.9048
160,0.5627769915962403,0.9043
161,0.5615582699322348,0.9029
162,0.5626338976728512,0.903
163,0.5642571821699157,0.9036
164,0.5616635643668783,0.9022
165,0.562739029960609,0.9027
166,0.5631823194351946,0.9035
167,0.5632205490037384,0.9025
168,0.5612273713394447,0.9043
169,0.5616901868714703,0.9033
170,0.5625034253923172,0.903
171,0.5616710318949818,0.9032
172,0.5604064370489877,0.9057
173,0.5617901317992212,0.904
174,0.561084188330104,0.9052
175,0.5610605471891028,0.9042
176,0.5619753254922958,0.9027
177,0.5611512853749071,0.905
178,0.5613296885522638,0.9051
179,0.5616355404611417,0.9046
180,0.5611714080860435,0.9045
181,0.5617291823570935,0.9046
182,0.5611336841192652,0.9041
183,0.5632928010758249,0.9014
184,0.5622551592409174,0.9019
185,0.5642451124793402,0.9013
186,0.5614598367728898,0.9048
187,0.5615223551956697,0.9048
188,0.5630729211872758,0.9032
189,0.5621396549961427,0.903
190,0.5616737208167968,0.9033
191,0.5626786316456178,0.9032
192,0.5617935229128456,0.9022
193,0.5623358387740949,0.9014
194,0.5622469794771208,0.9025
195,0.5618184335651127,0.9017
196,0.56238189790651,0.9009
197,0.5613469160448472,0.903
198,0.562920071568069,0.902
199,0.562329409141056,0.9018
200,0.5620216880744969,0.9014
201,0.5627816189967279,0.9029
202,0.5623377422579096,0.904
203,0.5631546475693021,0.9044
204,0.5623930950297075,0.9037
205,0.5625749615455937,0.9032
206,0.5645416911320311,0.9033
207,0.5627888865515445,0.9042
208,0.5631179318715583,0.9027
209,0.5619937311305504,0.9047
210,0.5624394486343668,0.902
211,0.5618887456963618,0.9041
212,0.563248707696856,0.9016
213,0.5629664248224644,0.9037
214,0.5616975682194438,0.9038
215,0.5614530850759386,0.9029
216,0.5618757990830417,0.9037
217,0.5622138301999813,0.9043
218,0.5630115648268328,0.9037
219,0.5640331428580111,0.9033
220,0.5631108445396023,0.9033
221,0.5621741443845708,0.9025
222,0.5628460126990932,0.9017
223,0.5635809814509289,0.9025
224,0.5639277227868521,0.9031
225,0.562197553493444,0.9031
226,0.5641145106289116,0.9017
227,0.5619830945006836,0.9034
228,0.5616587908712073,0.904
229,0.5622483533915118,0.9016
230,0.5620364838450356,0.9045
231,0.5615083632487079,0.9049
232,0.562298660864801,0.9046
233,0.562504597681108,0.9026
234,0.5621077931044147,0.9032
235,0.5617570259957055,0.9045
236,0.5625655007014042,0.9011
237,0.5612196075190863,0.9025
238,0.561361609367414,0.9032
239,0.561330437888216,0.9038
240,0.56076030952785,0.9034
241,0.5611777412489514,0.9045
242,0.5628737352957331,0.9021
243,0.5615689424935529,0.9031
244,0.5631279116492202,0.9
245,0.5621590706922946,0.9026
246,0.5623337061844979,0.9006
247,0.5629878336747652,0.902
248,0.5636328631229282,0.9019
249,0.5619156200225093,0.9045
250,0.5619955916124231,0.9055
251,0.5615593628648283,0.9049
252,0.5615555418922537,0.9048
253,0.5633467771774797,0.9032
254,0.5627941338264616,0.9017
255,0.5626332019410164,0.902
256,0.5639302934023667,0.9031
257,0.5623743272179629,0.9016
258,0.5623633931933629,0.9024
259,0.5630169280586503,0.902
260,0.5613044638629944,0.9043
261,0.5618624482318489,0.9042
262,0.5614409831646006,0.9041
263,0.5619654836906485,0.9039
264,0.5624956877045371,0.9036
265,0.5625771405644621,0.9021
266,0.5633818274365101,0.9023
267,0.5620543350518566,0.9034
268,0.5623686713951072,0.9023
269,0.5627194047285063,0.9025
270,0.5629567536724813,0.9016
271,0.5621711481477012,0.9032
272,0.5623496833292069,0.9038
273,0.5626094069154425,0.9035
274,0.562455176940163,0.9036
275,0.5622344800231277,0.9032
276,0.5650850912444283,0.9019
277,0.5645522606553567,0.9033
278,0.5675232056378013,0.9007
279,0.5626045065437492,0.9039
280,0.5619047417541938,0.9062
281,0.5614686891863867,0.9045
282,0.5623270967884707,0.9033
283,0.562684260973109,0.9036
284,0.5618033750419884,0.9048
285,0.5615988139429715,0.9028
286,0.561800818509787,0.9021
287,0.5626901528817444,0.903
288,0.561969058403433,0.9038
289,0.5617626642251747,0.9044
290,0.5628230486342773,0.903
291,0.5620586998693125,0.9043
292,0.561071073295881,0.9038
293,0.5625072763320856,0.9027
294,0.5627462864015075,0.9033
295,0.5621245391781475,0.9049
296,0.5616582491230778,0.9036
297,0.5618642292026201,0.904
298,0.562518116574161,0.9026
299,0.5620005625488479,0.9037
300,0.5629811807097249,0.9018
301,0.5613147145547981,0.9026
302,0.562178320922031,0.9036
303,0.5623137919002379,0.9029
304,0.5627799701260621,0.9044
305,0.5620803837372679,0.9025
306,0.5632206191663814,0.9023
307,0.562852874770125,0.9037
308,0.5623206545847883,0.9042
309,0.5623405364128833,0.9024
310,0.5617156597429688,0.9044
311,0.5632955201703828,0.9039
312,0.5619107582702156,0.9046
313,0.5646091862319346,0.9038
314,0.5624874000386743,0.9031
315,0.5637285364577693,0.9032
316,0.5616930145864036,0.9051
317,0.562318129972477,0.9061
318,0.5623054820044603,0.9043
319,0.5615560818393576,0.9036
320,0.5616289090462713,0.9036
321,0.562020159276234,0.9044
322,0.5619749992229204,0.9047
323,0.5617060923261367,0.9044
324,0.5625441201114325,0.904
325,0.5632891794156989,0.9021
326,0.5624191809754752,0.9037
327,0.5613846625280697,0.9039
328,0.561621671543649,0.9049
329,0.5611881669214736,0.9033
330,0.5614304700408793,0.9057
331,0.5609001080115115,0.9045
332,0.5616675496957589,0.9051
333,0.5632941793922878,0.9036
334,0.5630923236404567,0.9023
335,0.5627126744722688,0.9042
336,0.5623799127564657,0.9029
337,0.5635322893866311,0.9042
338,0.5624991622650548,0.9037
339,0.5637004810211148,0.9028
340,0.5616366099876947,0.9036
341,0.561779156512766,0.9036
342,0.5616099481220727,0.9027
343,0.5640757744190472,0.9013
344,0.56229113508458,0.9039
345,0.5635708777764901,0.9015
346,0.5621278860215754,0.9033
347,0.5615795853788834,0.9039
348,0.5621098293248382,0.9037
349,0.5627855278279775,0.9035
350,0.5610279724610218,0.9034
351,0.5622269142271522,0.9039
352,0.5617860314687401,0.9038
353,0.5620580363332494,0.9035
354,0.5632005068450789,0.9019
355,0.5629314379009538,0.9027
356,0.5623911688659193,0.9037
357,0.5617548094702371,0.9039
358,0.5618330948180478,0.9033
359,0.5619292810127701,0.9038
360,0.5614422952165135,0.9037
361,0.5631249183105526,0.9046
362,0.5617468957681233,0.9025
363,0.5645328127221638,0.9034
364,0.562464754792131,0.9025
365,0.5615840023246321,0.9048
366,0.5619036217805362,0.9035
367,0.5627566884162293,0.9037
368,0.5610126964950559,0.904
369,0.5616914769021376,0.9045
370,0.5611485676476771,0.9038
371,0.560843740262732,0.9048
372,0.563531302080224,0.9025
373,0.5620139139097124,0.9032
374,0.5618004040443795,0.9035
375,0.5631547056145828,0.9033
376,0.5621629964120762,0.904
377,0.5627050105336042,0.9026
378,0.5612652856749738,0.9037
379,0.5619585272649942,0.9036
380,0.561984088289115,0.9039
381,0.56246122805486,0.9039
382,0.5620771037141368,0.9035
383,0.5631396970887279,0.9027
384,0.5623934545358303,0.9034
385,0.5628478318502698,0.9041
386,0.5634924580139009,0.9031
387,0.5624070032653242,0.9027
388,0.5623766093573588,0.9025
389,0.5630692426219734,0.9042
390,0.5626100708389796,0.905
391,0.5614646983687834,0.9041
392,0.5620013829784744,0.9028
393,0.5621961279223142,0.9057
394,0.562353828404215,0.9052
395,0.5617368947188623,0.9061
396,0.5620902171064537,0.9029
397,0.5626292827788617,0.9036
398,0.5623402141119863,0.9017
399,0.5620681311793505,0.9035
400,0.5617030434884724,0.903
401,0.5615534246101973,0.9035
402,0.5625763015143604,0.9021
403,0.5621226967140759,0.9046
404,0.56173268901709,0.9017
405,0.5615495654787838,0.9031
406,0.5624401534985833,0.9024
407,0.5615049626607802,0.9049
408,0.5631319419614612,0.904
409,0.5618364703155362,0.904
410,0.5617835416798753,0.9051
411,0.5613947082581753,0.9042
412,0.5616068704469324,0.9051
413,0.5620047954218633,0.9045
414,0.5614526877924466,0.904
415,0.5612405395471102,0.9042
416,0.5609747803403304,0.9043
417,0.5615945895517479,0.9024
418,0.561356856874037,0.9038
419,0.5621812333844899,0.9053
420,0.5619653479122102,0.9058
421,0.5619852858635843,0.9033
422,0.5622118297361444,0.9027
423,0.5623606878543709,0.9024
424,0.5626105279625438,0.9025
425,0.5620624557992059,0.9028
426,0.5625490374141757,0.902
427,0.5631896204724219,0.9023
428,0.5623219893586722,0.9015
429,0.5634487522519991,0.9017
430,0.5626735514599636,0.9035
431,0.5632384692467007,0.9033
432,0.562756432103978,0.9025
433,0.5627103745746983,0.9025
434,0.5618321233105179,0.9025
435,0.5632472787468383,0.9025
436,0.5649486697060104,0.9003
437,0.5633750080418803,0.901
438,0.5633180562956069,0.9027
439,0.5631625338915304,0.9027
440,0.5646428232305529,0.9024
441,0.5632101097249405,0.9019
442,0.5638608648603376,0.9035
443,0.5632157584894789,0.9011
444,0.5623983645573917,0.9029
445,0.5617492829079184,0.9042
446,0.5633477031106738,0.9042
447,0.5624931431519098,0.9001
448,0.5624258759252264,0.9037
449,0.5626668686830958,0.9013
450,0.5622337729859743,0.9036
451,0.5618580463400419,0.9035
452,0.5632974349970161,0.9007
453,0.5623798515431379,0.9039
454,0.5636496323120349,0.9026
455,0.5617942325936086,0.9035
456,0.5628495021191076,0.904
457,0.5631141409897171,0.9038
458,0.5613074459700061,0.9048
459,0.5624655707386313,0.9046
460,0.5617390928769489,0.9049
461,0.5615800282197523,0.9048
462,0.5626299257060013,0.9053
463,0.5618759198487593,0.9046
464,0.5624180881053618,0.905
465,0.5625520744133629,0.9043
466,0.5632268954206947,0.904
467,0.5614577653701056,0.9041
468,0.5627752491249929,0.903
469,0.5624828571999311,0.9023
470,0.5643103539557435,0.9023
471,0.5618693228841501,0.9029
472,0.5615009038132991,0.904
473,0.5615554447835261,0.905
474,0.5612420032715832,0.903
475,0.563060281365348,0.9014
476,0.5623216477529026,0.9017
477,0.5617100910101869,0.9014
478,0.5634656220559131,0.9014
479,0.564007979323126,0.9003
480,0.5646367307585045,0.9017
481,0.5638278916718177,0.9026
482,0.5639697688340888,0.9044
483,0.5647168787844904,0.9023
484,0.5632065962394314,0.9044
485,0.5636097371868299,0.9037
486,0.5621185889519588,0.9049
487,0.562026528558016,0.9035
488,0.5621199791017827,0.9044
489,0.5621617718147894,0.9033
490,0.5619344280151423,0.904
491,0.562724603650817,0.9014
492,0.5624616428056353,0.9019
493,0.5631547848472824,0.9019
494,0.56462318504833,0.9005
495,0.5644466090073493,0.9008
496,0.5632722972550552,0.903
497,0.561818022634498,0.9029
498,0.5617724887454535,0.9029
499,0.5625665145956665,0.9017
500,0.5622851388512407,0.9019
501,0.5632856308693955,0.9018
502,0.5620597913913733,0.9056
503,0.5628973786245255,0.904
504,0.5618108475738565,0.9019
505,0.5626679832869302,0.9029
506,0.561502492330106,0.9016
507,0.5620286288517075,0.9036
508,0.5621751131744923,0.9029
509,0.5626272328238365,0.9027
510,0.5617023360588553,0.9032
511,0.5628296139834096,0.9025
512,0.5617269924918321,0.9046
513,0.5615434421696707,0.9036
514,0.5623102122503552,0.9053
515,0.5614884036082064,0.9027
516,0.562163350659456,0.9043
517,0.5615080325794862,0.9039
518,0.5616672604849742,0.904
519,0.5614420298016126,0.9036
520,0.5623822961373867,0.9043
521,0.5623029864328725,0.9039
522,0.5625370675188984,0.905
523,0.5615637302306549,0.9041
524,0.562368796853043,0.904
525,0.5624732296164887,0.9032
526,0.5626986100878696,0.9039
527,0.5625839780083232,0.9016
528,0.5617294412077537,0.9041
529,0.5614670801890731,0.9045
530,0.5617621392013775,0.9037
531,0.5626425457067591,0.9026
532,0.5619569391651827,0.9027
533,0.5620778060237728,0.9027
534,0.5634614315470606,0.9029
535,0.5612081265905366,0.9025
536,0.5613645555885637,0.904
537,0.5614326755538223,0.9052
538,0.5621114568150548,0.9043
539,0.561833728792749,0.9042
540,0.5630203685378868,0.901
541,0.5620147045454116,0.9018
542,0.5616032674869134,0.9025
543,0.5618912615952282,0.904
544,0.5615383146698051,0.905
545,0.5611564489222908,0.9062
546,0.5625946630707093,0.9059
547,0.5627727739049638,0.9056
548,0.5617124950503413,0.9053
549,0.561438146750634,0.9058
550,0.5623766257557649,0.9016
551,0.5627806942334755,0.9026
552,0.5612412804742173,0.902
553,0.5622279533179582,0.9028
554,0.5615267285090452,0.903
555,0.5610574846458292,0.9028
556,0.5611307887717977,0.9035
557,0.5617295122900362,0.9021
558,0.5620016166944852,0.9029
559,0.5621111655398626,0.9033
560,0.561972446530744,0.9033
561,0.561673938503783,0.9034
562,0.5631122535166749,0.9026
563,0.5622215251142715,0.9027
564,0.5626469249479578,0.9037
565,0.5624842681426823,0.9019
566,0.5617733948360535,0.9025
567,0.5619423207454507,0.9024
568,0.5631683004308942,0.9041
569,0.5618590796171942,0.9026
570,0.5616862386093466,0.9042
571,0.5608933746014678,0.9026
572,0.5611613013670002,0.9019
573,0.5619116805408922,0.9027
574,0.5610927322660318,0.9037
575,0.5627437214859322,0.9003
576,0.5615808027568858,0.9025
577,0.5622268399082123,0.9032
578,0.5623202917565537,0.9014
579,0.5626426794485759,0.9015
580,0.5619066924407462,0.9015
581,0.5622597537481834,0.9026
582,0.5614966501143734,0.9028
583,0.5625794468828053,0.9003
584,0.5625923785245182,0.9025
585,0.5634461522414737,0.9009
586,0.5614587016287956,0.9019
587,0.5626701245222148,0.9017
588,0.5621688354885784,0.9021
589,0.561525387483064,0.9021
590,0.5624168597272314,0.9022
591,0.5618831831358547,0.9017
592,0.5627143121904958,0.9023
593,0.5631558957604906,0.9015
594,0.5632347021864089,0.901
595,0.5626013824535547,0.9013
596,0.5617714593484704,0.9017
597,0.5632821196200797,0.9016
598,0.5635590378749341,0.9013
599,0.5635364025543476,0.9003
600,0.5621290092844325,0.9022
601,0.5620891287560829,0.9012
602,0.5631912443580693,0.9008
603,0.5629663579907292,0.8998
604,0.5626412274095763,0.9031
605,0.562482074831808,0.9025
606,0.5637269452821286,0.9031
607,0.5620053472724872,0.9038
608,0.564070138221855,0.9022
609,0.5614985652938854,0.9039
610,0.5635840752718514,0.903
611,0.5615483539745896,0.9026
612,0.5639503959815906,0.9026
613,0.5623214307036813,0.9037
614,0.5613384797549236,0.9051
615,0.5617530961522038,0.903
616,0.5614776106972494,0.9044
617,0.5614924001065673,0.9035
618,0.5628958456195557,0.9038
619,0.5628129673953343,0.9024
620,0.5621347963516089,0.9014
621,0.5624673958552163,0.9019
622,0.5619688517022762,0.9021
623,0.5622297460586931,0.9019
624,0.5625331073732841,0.9015
625,0.5624545287671108,0.9035
626,0.5621916662648024,0.9032
627,0.5636600404529754,0.9011
628,0.5621784876530646,0.9025
629,0.5639351691069748,0.9005
630,0.5615523327837199,0.9013
631,0.5616719460701123,0.9023
632,0.5622560085446854,0.9025
633,0.5622482499974638,0.9007
634,0.5617852037704125,0.901
635,0.5616721182273996,0.902
636,0.5630363973570924,0.9024
637,0.5626739124323659,0.9016
638,0.5620590375595824,0.9031
639,0.5623822969439191,0.905
640,0.561825789282214,0.9027
641,0.5628506371881454,0.9026
642,0.56103063914758,0.9043
643,0.5610749473581982,0.9053
644,0.5627173034187802,0.9024
645,0.5638133920480086,0.9021
646,0.5619391840204293,0.9021
647,0.5636243651014731,0.9014
648,0.5626805135293167,0.9032
649,0.5622946142324774,0.9029
650,0.5624883935707627,0.9015
651,0.5617910553650977,0.9032
652,0.5619906212146967,0.9039
653,0.5618701381052151,0.9035
654,0.5613218604250397,0.9046
655,0.5633453457195942,0.9025
656,0.5622085142204364,0.9022
657,0.5624046593809491,0.9031
658,0.5620106210690242,0.9026
659,0.5621460024315811,0.9028
660,0.562481670763845,0.9013
661,0.5625492765592643,0.9006
662,0.563379036895099,0.9021
663,0.5619172870775748,0.9029
664,0.5618890591242098,0.9002
665,0.5620032259265251,0.9035
666,0.5632616643491805,0.9019
667,0.5626046144188221,0.901
668,0.5619405917946575,0.9028
669,0.5624660342143766,0.9006
670,0.5627738125728713,0.9017
671,0.5627736843490229,0.9016
672,0.562315229026497,0.9032
673,0.5618808893629147,0.9047
674,0.5626657089789103,0.9034
675,0.5619535137878192,0.9062
676,0.5616133700493696,0.9052
677,0.5626754472957732,0.9055
678,0.5622203536204682,0.9037
679,0.5644784661561488,0.9034
680,0.5620520052486939,0.9032
681,0.5612246796274082,0.9022
682,0.5631413672603651,0.9015
683,0.5626387280646258,0.9043
684,0.562058108104048,0.903
685,0.5618325927838753,0.903
686,0.5615923363549176,0.9027
687,0.5618982314395672,0.9016
688,0.5611213273644318,0.9044
689,0.5619287549942737,0.9031
690,0.562013485880467,0.9022
691,0.5626967550207276,0.9031
692,0.5626877494265792,0.903
693,0.5630710664142734,0.9027
694,0.5623796968589145,0.9035
695,0.5621012036742713,0.9039
696,0.5619473818059707,0.9041
697,0.5622096678253714,0.9018
698,0.5617987487210884,0.9027
699,0.5620503219618992,0.9027
700,0.5619331091883617,0.9025
701,0.5620056527065406,0.9048
702,0.5617822071317026,0.9029
703,0.5615361015735231,0.9038
704,0.5622150839343455,0.9032
705,0.5624928221677495,0.9024
706,0.5627800714718897,0.9019
707,0.5624346081324796,0.9003
708,0.561723992261489,0.9012
709,0.562364450066239,0.9019
710,0.5624297064320682,0.9009
711,0.5618088212762608,0.9031
712,0.5621564479065655,0.9042
713,0.564020654100868,0.9036
714,0.5628376532949861,0.9042
715,0.5640218115607784,0.9015
716,0.5617421945887496,0.9026
717,0.5622141235704331,0.903
718,0.5611522382724181,0.903
719,0.5619059137531072,0.9043
720,0.5629850277935817,0.9027
721,0.5622066914968057,0.9046
722,0.5638797199369939,0.903
723,0.5620984921871525,0.9035
724,0.5622572959338201,0.9027
725,0.5631041010708403,0.9025
726,0.5635196347612766,0.9017
727,0.5621149499773134,0.9034
728,0.5622198531190644,0.903
729,0.5634020095650523,0.9035
730,0.5617588702460169,0.905
731,0.561506831137391,0.9041
732,0.5620760498105867,0.9038
733,0.5644657828621703,0.9026
734,0.5627035164722409,0.9011
735,0.5646249633745474,0.9013
736,0.5622183355565724,0.9016
737,0.5621606555896969,0.9015
738,0.5620302296154507,0.9017
739,0.5614444302965037,0.9034
740,0.5618265654502901,0.9049
741,0.5625311453558606,0.9028
742,0.5624654936622641,0.9043
743,0.5618819800065593,0.9033
744,0.5616061494139473,0.9022
745,0.5630268368456341,0.903
746,0.5613863346189782,0.9044
747,0.5628358039071819,0.9014
748,0.564617756931833,0.9023
749,0.5655682836774667,0.8992
750,0.5637708963541597,0.9018
751,0.5640006067781149,0.902
752,0.563216956868494,0.9031
753,0.5626339638137144,0.9026
754,0.5620548724734619,0.9014
755,0.5620670573203554,0.9021
756,0.561961817750875,0.9027
757,0.561989965401158,0.9031
758,0.5623230020338948,0.9011
759,0.5619344205812206,0.9043
760,0.562042552844909,0.9025
761,0.5619261544337922,0.9031
762,0.563751230794437,0.9016
763,0.5637786798338882,0.901
764,0.5635681974701802,0.9042
765,0.5615933547283808,0.9047
766,0.5612092697270692,0.9034
767,0.5612637908402246,0.9019
768,0.5616739723522663,0.9039
769,0.5616703161297075,0.9036
770,0.5624837068754874,0.9017
771,0.5626192475195836,0.9015
772,0.5630384247415776,0.8998
773,0.5611349174192056,0.903
774,0.5617834668026119,0.9029
775,0.5613836420973848,0.9026
776,0.5612831761012141,0.9034
777,0.5619187095478891,0.9024
778,0.5610508489921897,0.9024
779,0.5615919296142083,0.9026
780,0.5626756531531821,0.9006
781,0.5624893452889813,0.9019
782,0.5617800704103142,0.9018
783,0.5629687141327766,0.9025
784,0.5636733025235939,0.9006
785,0.5620476313495767,0.9029
786,0.5620322670958258,0.9037
787,0.5628078386213639,0.9025
788,0.5614143433067073,0.9026
789,0.5613927606497688,0.904
790,0.5618371220658396,0.9005
791,0.5611270105499591,0.9016
792,0.561367763735037,0.9026
793,0.5618003452258221,0.9027
794,0.5618521591593654,0.9034
795,0.5628744749048048,0.9018
796,0.5620847666223381,0.902
797,0.5627467248093725,0.9031
798,0.5619632792610552,0.9044
799,0.5616518221802697,0.9039
800,0.5621934762345517,0.9017
801,0.5611811706459795,0.9024
802,0.562992787147042,0.9026
803,0.561273379532994,0.9044
804,0.5624459647144361,0.9036
805,0.5616335713093433,0.9035
806,0.5616752864514747,0.9052
807,0.56352257892561,0.904
808,0.5616341874647569,0.9036
809,0.5621239836979142,0.9036
810,0.5629577969374983,0.9019
811,0.5620175708801581,0.9037
812,0.5616651484077361,0.9017
813,0.561987543807011,0.901
814,0.5621891315856374,0.9019
815,0.5622442145997616,0.9034
816,0.5620815654283221,0.9035
817,0.562273326048167,0.9033
818,0.5616572159072756,0.9048
819,0.5615623903052193,0.9039
820,0.5619156564824692,0.9031
821,0.562980347697429,0.9034
822,0.5617972840774177,0.9036
823,0.561950116014136,0.9042
824,0.5624609804283164,0.9012
825,0.5621429646999748,0.9036
826,0.5614003267527228,0.9037
827,0.562519982385018,0.9042
828,0.5625404714541398,0.9032
829,0.5620075128651538,0.9034
830,0.5623328277218826,0.9039
831,0.5621798573229928,0.904
832,0.5615756996256585,0.9032
833,0.5614268071811989,0.9034
834,0.56263217576197,0.9037
835,0.5618756572768698,0.9038
836,0.562695102456172,0.9028
837,0.5632329311601986,0.9032
838,0.5620877716596484,0.9029
839,0.5630735231441618,0.902
840,0.5622143290119564,0.9038
841,0.5622089874968943,0.9016
842,0.5619777172194876,0.9016
843,0.5625261644488656,0.9034
844,0.5633216066624119,0.9013
845,0.5624836785289894,0.9022
846,0.5623489487265955,0.9024
847,0.5622450893637548,0.9023
848,0.5624074265578825,0.9018
849,0.5613825824276301,0.9043
850,0.5620510299876394,0.905
851,0.562180256070365,0.904
852,0.5623793504768692,0.9035
853,0.5617785317252898,0.9028
854,0.5612871936244205,0.9036
855,0.5621168281832898,0.902
856,0.5631300175780011,0.9032
857,0.5626931741337593,0.9045
858,0.5615930207941967,0.9041
859,0.5639533393809829,0.9046
860,0.5645593149056375,0.9031
861,0.562005760489985,0.9044
862,0.5619012568282187,0.9058
863,0.5623294111333454,0.9024
864,0.5610545024835654,0.904
865,0.5614377681768821,0.9019
866,0.5610690930698237,0.904
867,0.5616612533617648,0.9054
868,0.5617625924061925,0.9051
869,0.5609969753554893,0.9048
870,0.5614194805524536,0.905
871,0.5627657585347314,0.9039
872,0.56229954723795,0.9023
873,0.5620685423071436,0.9029
874,0.5629782001564834,0.9046
875,0.5616423225832361,0.9041
876,0.563071957442804,0.9033
877,0.5621277396736621,0.9043
878,0.5620289944119083,0.9049
879,0.5631513023828391,0.9039
880,0.562446512747413,0.9062
881,0.5618564075711235,0.9046
882,0.5623653936648791,0.9058
883,0.5614364326192399,0.9046
884,0.5609239385553543,0.904
885,0.5615692697469963,0.9046
886,0.5619202384325453,0.9027
887,0.5625037357208402,0.9028
888,0.5622282393355643,0.9031
889,0.5620154361173544,0.9026
890,0.5624918149742066,0.9036
891,0.56302615520064,0.9037
892,0.5618904342901543,0.9049
893,0.562728063183111,0.9039
894,0.5631762042029018,0.9025
895,0.5627240519169439,0.9041
896,0.5622027483255979,0.9058
897,0.5624741126380411,0.9046
898,0.5615684490065121,0.9043
899,0.5621382223436363,0.905
900,0.5622424508170192,0.9062
901,0.562133947261688,0.9059
902,0.5616335266089995,0.9062
903,0.5627160804337357,0.903
904,0.5635022651477068,0.9032
905,0.5627212814905758,0.9026
906,0.5629528952411263,0.9032
907,0.562981987552764,0.9029
908,0.5622085364483058,0.9032
909,0.5636167927414172,0.9025
910,0.5619269362362445,0.9034
911,0.5624355586962158,0.9035
912,0.5615820245045514,0.9027
913,0.5628873716115376,0.9048
914,0.5625385353473302,0.9027
915,0.5621077470675835,0.9015
916,0.5646139766276282,0.899
917,0.5615443823592365,0.9021
918,0.5623716733207896,0.9018
919,0.5612269594112522,0.9034
920,0.5609480060432284,0.9029
921,0.5641488357955203,0.9004
922,0.5632909262283166,0.9018
923,0.5622958755815886,0.9019
924,0.5618990298045674,0.9023
925,0.5621796346143736,0.9014
926,0.5625073627259964,0.9005
927,0.5625087700088367,0.9011
928,0.563310872383456,0.903
929,0.563117387138144,0.9025
930,0.5628235521471923,0.9034
931,0.5617356397308017,0.9023
932,0.5615228300891099,0.903
933,0.5614804499828205,0.9038
934,0.5620757138244629,0.9039
935,0.5618792804007254,0.9033
936,0.5622300302592528,0.9036
937,0.5622995649754571,0.9039
938,0.5619757797328384,0.9021
939,0.562495949139569,0.9023
940,0.5627258499911316,0.9014
941,0.5620740538432581,0.903
942,0.5622240392540363,0.9023
943,0.5608783296585976,0.904
944,0.5623372729063251,0.9018
945,0.5615272767616679,0.9029
946,0.5616554744099588,0.9029
947,0.5615755730430487,0.902
948,0.5618578798154391,0.9011
949,0.5617374918973533,0.9037
950,0.562787034809531,0.9015
951,0.5616099838647951,0.9035
952,0.5621668538205508,0.9035
953,0.5614564184257493,0.9037
954,0.561645470901911,0.9019
955,0.5623345316309657,0.9048
956,0.5631605572626185,0.904
957,0.5623832076806762,0.9039
958,0.5616323770192228,0.9028
959,0.5630890412849888,0.9021
960,0.5616758479205928,0.9045
961,0.5623498681515842,0.9039
962,0.5620564147905958,0.9021
963,0.5624150921458866,0.9032
964,0.5639188694222919,0.9031
965,0.562426788501107,0.9014
966,0.5629428393766933,0.903
967,0.5633386522301718,0.9009
968,0.5620215717831407,0.9029
969,0.5626574892121211,0.9028
970,0.5622032373209573,0.9005
971,0.5623116584276002,0.9039
972,0.5617347088405781,0.9026
973,0.5626734357783408,0.9024
974,0.5625115910824673,0.9025
975,0.5612733568110696,0.9036
976,0.5609196678625682,0.9043
977,0.5621128862284744,0.9036
978,0.5621750156515416,0.9037
979,0.5629347806228467,0.9031
980,0.5636080816661659,0.9014
981,0.562885887294803,0.901
982,0.5631255021970053,0.9023
983,0.5632576494776931,0.9016
984,0.5632529310022735,0.9008
985,0.5622428116249347,0.904
986,0.5628317235031699,0.904
987,0.5631947650240668,0.9027
988,0.5627534862877166,0.9036
989,0.5628698689222718,0.9034
990,0.56235960120387,0.9046
991,0.5620580031264526,0.9029
992,0.561422862597583,0.9039
993,0.5620148123557124,0.9047
994,0.5622387902269302,0.9026
995,0.5620868019914617,0.9037
996,0.5631221243962812,0.9035
997,0.5627164970009993,0.9026
998,0.5621615870540578,0.9025
999,0.5621734900177209,0.9007
1000,0.5628016968099642,0.9011
