# Configuration:

dataset name: rcv1
model name: softmax classification
num_clients: 100
learning_rate: 1.0
participation_rate: 0.05
num_classes: 2
numLocalEpochs: 5
learning_rate: 0.1
lambda: 0.001
num_classes: 2
# Results:

round,obj,test
1,0.588187319980526,0.9049501037446892
2,0.5270111438068237,0.9235253433455192
3,0.49506414818010186,0.9339986167374765
4,0.4751611143444093,0.9390870467345124
5,0.46060806744795885,0.9411619405197115
6,0.4527121025894462,0.9409149293548068
7,0.4463255436616221,0.9441754767315482
8,0.43911119079289646,0.9447683035273194
9,0.4367241893959491,0.9454599347890524
10,0.4359591540719673,0.9423969963442348
11,0.43569874749685333,0.9440766722655864
12,0.43270296954527393,0.9462009682837664
13,0.4316040665028621,0.9481770576030036
14,0.42986214150360685,0.9480782531370417
15,0.42995482102712956,0.9497085268254125
16,0.4284955902164991,0.947930046438099
17,0.4286010375574154,0.94797944867108
18,0.42627462930876286,0.9500543424562791
19,0.42600614480947124,0.9509435826499357
20,0.4255621441225027,0.9509929848829167
21,0.42504768618603506,0.9506965714850312
22,0.4256708660683995,0.9522280407074399
23,0.42624643506547727,0.9521292362414782
24,0.4283299050076727,0.949412113427527
25,0.4284434476853644,0.9498567335243553
26,0.4264777927150972,0.9501531469222408
27,0.42614550027106596,0.9498073312913744
28,0.42783250048790855,0.9489180910977176
29,0.42584684366417436,0.9504001580871455
30,0.42463213260975347,0.950795375950993
31,0.42585402224919106,0.9482264598359846
32,0.4252142009474638,0.9515364094457069
33,0.4251248746554842,0.9512399960478214
34,0.423572101135825,0.9517340183776307
35,0.4235105038444626,0.9516352139116688
36,0.4235624967879258,0.9522774429404209
37,0.423151614329439,0.953611303230906
38,0.42338759042924834,0.9538089121628298
39,0.4236046415706303,0.9548957612884102
40,0.4233380046488193,0.9541053255607154
41,0.42330282410257675,0.9537101076968679
42,0.42447163808984567,0.9539571188617726
43,0.42491422940694484,0.9548463590554293
44,0.42842620826567696,0.9532654876000395
45,0.42792496930659607,0.9541547277936963
46,0.42782668470908647,0.952919671969173
47,0.4284797086256915,0.9533642920660014
48,0.4280518524470453,0.9525244541053256
49,0.4251636084955535,0.9530678786681158
50,0.4249971125134776,0.9535124987649441
51,0.42368620035821486,0.9533642920660014
52,0.4240910156545194,0.9515364094457069
53,0.4247607792444369,0.9503507558541646
54,0.4246408766402638,0.9504495603201265
55,0.4252041276870292,0.9500049402232981
56,0.42436747447836104,0.9533148898330205
57,0.42394928067845045,0.953611303230906
58,0.4243557199369169,0.9530678786681158
59,0.42501725821930614,0.9527714652702303
60,0.4253751567021752,0.9532654876000395
61,0.42502128087252355,0.953611303230906
62,0.42434288389520486,0.9540065210947535
63,0.42473557681636137,0.9542041300266773
64,0.42500669364353755,0.9513388005137833
65,0.42462710843714435,0.9516352139116688
66,0.42477537488436956,0.953611303230906
67,0.4252470342855566,0.9521292362414782
68,0.4248283961103711,0.952919671969173
69,0.4252509425803622,0.9539077166287916
70,0.42610594133226076,0.9519316273095544
71,0.4266318122466115,0.9531172809010967
72,0.42688028882939255,0.9529690742021539
73,0.4269498738651018,0.9538583143958107
74,0.42650674828378593,0.9538583143958107
75,0.4254987691692585,0.9511411915818595
76,0.42539690137178915,0.9526726608042684
77,0.4256074241202732,0.9537595099298488
78,0.4249993987836413,0.9537595099298488
79,0.4241128043312465,0.9539571188617726
80,0.42407122185855384,0.952919671969173
81,0.4247956134760778,0.9517340183776307
82,0.4249052862542358,0.9506965714850312
83,0.4240472412991913,0.9530678786681158
84,0.4241810968417409,0.9546981523564865
85,0.42563373017151257,0.952870269736192
86,0.42530591171448434,0.9536607054638869
87,0.42389908509179086,0.9533148898330205
88,0.42608433974064913,0.9519810295425353
89,0.4248866062104811,0.9528208675032112
90,0.4247409517427668,0.9516846161446497
91,0.4249615642318682,0.9515364094457069
92,0.4244730632355195,0.9513882027467642
93,0.4252546420929425,0.9497085268254125
94,0.4249270294920338,0.9512399960478214
95,0.4243194123863504,0.9505977670190693
96,0.42381069518482006,0.950844778183974
97,0.4242695699144353,0.9515858116786878
98,0.4271477243434057,0.9493133089615651
99,0.4260289221922408,0.9504989625531074
100,0.42782867295918364,0.9506965714850312
101,0.4250951654984302,0.9523268451734018
102,0.4259563698439675,0.9486216776998321
103,0.42451226903238237,0.9506471692520502
104,0.42539492772698173,0.9492145044956032
105,0.424268246312023,0.9522774429404209
106,0.4268319711012278,0.950795375950993
107,0.4251842529057206,0.9526726608042684
108,0.42616975507213506,0.950795375950993
109,0.4243671909117537,0.9527714652702303
110,0.4263465589566645,0.950844778183974
111,0.4250712927337432,0.9515364094457069
112,0.42567329673257254,0.951487007212726
113,0.4247687954077706,0.9520798340084972
114,0.4236935932095715,0.9515858116786878
115,0.42392280375969676,0.9515364094457069
116,0.4234348179908275,0.951437604979745
117,0.4262798619875088,0.949362711194546
118,0.4258122352005048,0.9504495603201265
119,0.4251341315603765,0.9502519513882027
120,0.42546058026215566,0.9498073312913744
121,0.42547478933215155,0.950844778183974
122,0.4254783679559242,0.9522280407074399
123,0.4236513602849826,0.9527714652702303
124,0.4240433371349753,0.9544017389586009
125,0.423705151241087,0.9518328228435925
126,0.42535086836907104,0.9497085268254125
127,0.42423480968913496,0.952919671969173
128,0.42370350409783875,0.9537101076968679
129,0.42442238933888893,0.9525738563383065
130,0.42486760432826465,0.9530184764351348
131,0.42379634829475443,0.952919671969173
132,0.42523908862181686,0.9522280407074399
133,0.4282101549992266,0.9460033593518427
134,0.42594567291044544,0.9500049402232981
135,0.42470950304325356,0.9530184764351348
136,0.4244013022547008,0.9534136942989823
137,0.4254665647907666,0.9527220630372493
138,0.42520163666637195,0.9530184764351348
139,0.4256232327911969,0.9519316273095544
140,0.4245237722840371,0.9531172809010967
141,0.42512687171971114,0.9513388005137833
142,0.42474501696814887,0.952178638474459
143,0.42456177642923604,0.9512399960478214
144,0.42400503143984314,0.951437604979745
145,0.42380236565206975,0.9499555379903172
146,0.4252959271197568,0.9490662977966604
147,0.42526481868240273,0.9495603201264697
148,0.42437601911350087,0.9499061357573362
149,0.4261241781105464,0.9459045548858809
150,0.4247156685720091,0.9482758620689655
151,0.42357985722048813,0.9510917893488786
152,0.4241514960123415,0.9504001580871455
153,0.423651521343042,0.952178638474459
154,0.42558288110056014,0.9467937950795376
155,0.42503632044242234,0.9470902084774232
156,0.42357857844004587,0.9488192866317557
157,0.4240049877243741,0.951487007212726
158,0.42411894408695167,0.9515858116786878
159,0.425428683463973,0.9515858116786878
160,0.42553998457828074,0.9509435826499357
161,0.4247136575819023,0.9516846161446497
162,0.4239970533432398,0.9512893982808023
163,0.42417322533815716,0.9518822250765735
164,0.42448350615010155,0.9513388005137833
165,0.424696440238677,0.9508941804169548
166,0.42490413654856957,0.9507459737180121
167,0.42447371494917785,0.9509435826499357
168,0.4251408162026513,0.9507459737180121
169,0.4246300945507602,0.9517834206106116
170,0.42573423635837926,0.9507459737180121
171,0.425541487833574,0.950795375950993
172,0.4256485359230735,0.9513882027467642
173,0.42673610732905976,0.9499061357573362
174,0.4259522652908315,0.9497085268254125
175,0.42580750008456003,0.9484240687679083
176,0.42619438264660015,0.9458551526528999
177,0.4249917975205609,0.9499061357573362
178,0.4246606293581241,0.9511411915818595
179,0.4244322732439691,0.951437604979745
180,0.42577028675065504,0.9517834206106116
181,0.42682265311633455,0.9522774429404209
182,0.4240970553273239,0.9526726608042684
183,0.4235918863754586,0.9523762474063827
184,0.4248216431909734,0.9512893982808023
185,0.42388141542729774,0.9527714652702303
186,0.4232592328003286,0.9520304317755163
187,0.4229858499532429,0.9519316273095544
188,0.42416387350836354,0.9518822250765735
189,0.4238773223769796,0.9520798340084972
190,0.4251009439419884,0.9516352139116688
191,0.4240746782138217,0.9540065210947535
192,0.4261347168580614,0.9523268451734018
193,0.4246565997363237,0.9542535322596581
194,0.4238656186323506,0.9506471692520502
195,0.4238643687546306,0.9534630965319633
196,0.4243608039388749,0.9532654876000395
197,0.4242221332047636,0.9538583143958107
198,0.42447450817359395,0.9502519513882027
199,0.4240911273947983,0.9524750518723446
200,0.4251155925683629,0.9488686888647366
201,0.42347317737231865,0.9513882027467642
202,0.4241849103912859,0.9517834206106116
203,0.4237539063301453,0.9506965714850312
204,0.4233447497598805,0.9509929848829167
205,0.4238418764287551,0.9505483647860883
206,0.4238305543879015,0.9493133089615651
207,0.4237967060910884,0.9501531469222408
208,0.42342284026547966,0.9510423871158976
209,0.4237780593488844,0.9515858116786878
210,0.4243238400502794,0.9509929848829167
211,0.4246971657349729,0.950795375950993
212,0.4258875204062638,0.9493133089615651
213,0.4248913220854784,0.9504989625531074
214,0.4253015348414707,0.9504001580871455
215,0.42433601831827594,0.9521292362414782
216,0.42427348700254575,0.9520798340084972
217,0.4252122872411773,0.9527220630372493
218,0.424081062140062,0.9534630965319633
219,0.42406898781317853,0.9527220630372493
220,0.42650960427419427,0.9516352139116688
221,0.42757842625444015,0.9517340183776307
222,0.426468036236335,0.9537595099298488
223,0.42634435833774675,0.9548463590554293
224,0.4297595915299115,0.9527714652702303
225,0.42607507179711634,0.9544017389586009
226,0.42634584644635337,0.9539571188617726
227,0.42654721553161556,0.9539571188617726
228,0.4255514563097421,0.9522774429404209
229,0.4255797879278543,0.9511905938148404
230,0.4250544025801541,0.9520304317755163
231,0.42564579438901934,0.9524750518723446
232,0.42514078358475754,0.9499061357573362
233,0.4244357511686677,0.952178638474459
234,0.4244901074240182,0.9522774429404209
235,0.4253368415057547,0.9537101076968679
236,0.42500955721999173,0.9505977670190693
237,0.425259352776385,0.9516352139116688
238,0.4249105330025595,0.9515364094457069
239,0.4250039090310631,0.9530184764351348
240,0.4261758269363128,0.9485722754668511
241,0.42459123257925657,0.9512893982808023
242,0.4241944107702758,0.9515858116786878
243,0.4243640102646257,0.9516352139116688
244,0.42492160845715593,0.9503507558541646
245,0.4240630304648166,0.9520304317755163
246,0.4235737661739709,0.9527220630372493
247,0.42305701250192046,0.9544511411915818
248,0.42417968032383785,0.9515364094457069
249,0.4238608525144068,0.9523762474063827
250,0.42391090295412587,0.9523762474063827
251,0.4238231592572624,0.9532160853670586
252,0.4241119542495238,0.952919671969173
253,0.42492552998083494,0.9517834206106116
254,0.4249764765648369,0.9533148898330205
255,0.4254860457565856,0.9525244541053256
256,0.42626435088966447,0.9512893982808023
257,0.4245415361369034,0.9522280407074399
258,0.42503346710906265,0.9510917893488786
259,0.42553104682137577,0.9523268451734018
260,0.4259770241821335,0.9523762474063827
261,0.4257254060799661,0.952919671969173
262,0.4262122360879851,0.952919671969173
263,0.4263594667090524,0.9511411915818595
264,0.4266737455231156,0.952178638474459
265,0.4260974666342459,0.9532654876000395
266,0.4251568653740312,0.9535124987649441
267,0.4264740414940369,0.9526726608042684
268,0.4255643129869412,0.9522280407074399
269,0.4248270273582009,0.9526726608042684
270,0.4249488941793309,0.9517834206106116
271,0.4247658993835029,0.9527714652702303
272,0.42459649976374014,0.9522774429404209
273,0.4259855392871352,0.9521292362414782
274,0.4261296431706,0.9518328228435925
275,0.42620598160092277,0.9531666831340777
276,0.4310473150039956,0.9489180910977176
277,0.42563995991654857,0.9505977670190693
278,0.42577694066499394,0.9505977670190693
279,0.42600087180773416,0.952870269736192
280,0.42720117932757323,0.9523762474063827
281,0.42586559189431866,0.9532654876000395
282,0.42495589896215014,0.9531172809010967
283,0.42589198221013214,0.9512893982808023
284,0.42497694420909043,0.952919671969173
285,0.4246120752777051,0.9513882027467642
286,0.42561974753934356,0.9539077166287916
287,0.4258845149679643,0.9528208675032112
288,0.4269677349716507,0.9523268451734018
289,0.42741319981632114,0.9527220630372493
290,0.4250274002222455,0.9537595099298488
291,0.4240957247914396,0.9526726608042684
292,0.4241560673407103,0.9515364094457069
293,0.4262807645118476,0.9515858116786878
294,0.42840356991505646,0.9512893982808023
295,0.42609228018484957,0.9530184764351348
296,0.42475190573381766,0.9539571188617726
297,0.42364495681988723,0.9530184764351348
298,0.4233174538533924,0.9522774429404209
299,0.42345700827161786,0.9517834206106116
300,0.4233917633969442,0.9516846161446497
301,0.42430288677883926,0.9491157000296413
302,0.42372189518064857,0.9504001580871455
303,0.423840062744238,0.951437604979745
304,0.42407533659130553,0.9519316273095544
305,0.423930942010092,0.9515364094457069
306,0.4239326489864516,0.9524750518723446
307,0.42360308566415855,0.952870269736192
308,0.42471994572026905,0.95010374468926
309,0.42600102998576883,0.9513388005137833
310,0.4277393321929114,0.9509929848829167
311,0.4234450950195831,0.9520798340084972
312,0.42446018506298494,0.9505977670190693
313,0.4259720460910235,0.9480288509040609
314,0.4252963538202502,0.9488192866317557
315,0.42506276921351466,0.9525738563383065
316,0.42543698851468237,0.9519810295425353
317,0.42620345858804387,0.9534630965319633
318,0.4251615351315069,0.9538089121628298
319,0.42532095562868566,0.9540559233277344
320,0.42683426508411726,0.9537101076968679
321,0.42539401931713494,0.9549451635213911
322,0.4249085828861795,0.9549451635213911
323,0.42444533433841486,0.9521292362414782
324,0.42351818339449343,0.9521292362414782
325,0.42496083810153623,0.953611303230906
326,0.4242371274235418,0.9526232585712874
327,0.4266220852177772,0.9541053255607154
328,0.42533616322763973,0.9541053255607154
329,0.4267229697882723,0.9516846161446497
330,0.4265363094631582,0.9510917893488786
331,0.42670917106244555,0.9515364094457069
332,0.4256203864917345,0.9533148898330205
333,0.42560727246144353,0.9513882027467642
334,0.42527299800692475,0.9545993478905247
335,0.4252777771726247,0.9536607054638869
336,0.425153139150503,0.952870269736192
337,0.42598644352396686,0.9523762474063827
338,0.42582451130254406,0.9519810295425353
339,0.4255355990866279,0.9530678786681158
340,0.42514772670054457,0.9518328228435925
341,0.42427744344172635,0.954302934492639
342,0.4247049505448135,0.9538089121628298
343,0.426378103449685,0.9496591245924316
344,0.42448083015569305,0.9527220630372493
345,0.42420374850111114,0.9531666831340777
346,0.4243117931517958,0.9531172809010967
347,0.42710395444138743,0.9497085268254125
348,0.4244017284665979,0.9539571188617726
349,0.4258627071274124,0.953611303230906
350,0.42569356210472425,0.9523268451734018
351,0.42527839226804776,0.9542041300266773
352,0.42553833042006184,0.9541547277936963
353,0.42683694765715147,0.952919671969173
354,0.426454203529514,0.9531172809010967
355,0.4256863820284655,0.9536607054638869
356,0.4262380303320242,0.95435233672562
357,0.4252906488837151,0.9526232585712874
358,0.42513804582217474,0.9522774429404209
359,0.42524573449441905,0.9532160853670586
360,0.4254905225999575,0.9525244541053256
361,0.425931999741046,0.9529690742021539
362,0.4266576730036396,0.9544017389586009
363,0.4259677848554616,0.9532160853670586
364,0.4254174114720154,0.954302934492639
365,0.4264916420693875,0.9551921746862958
366,0.4245361458731702,0.9556367947831242
367,0.4263149667683161,0.9548463590554293
368,0.42496435928195897,0.9550933702203339
369,0.427062064272312,0.9538089121628298
370,0.4258302593461258,0.9544511411915818
371,0.42599149818787563,0.9542535322596581
372,0.42427178674414007,0.9550933702203339
373,0.42498174551541446,0.9545993478905247
374,0.4255661754263053,0.9516846161446497
375,0.42452956169288186,0.9542041300266773
376,0.4252199831583075,0.9524256496393637
377,0.42554473168813445,0.9519810295425353
378,0.42574559756372377,0.9502025491552218
379,0.42455157293869783,0.9539571188617726
380,0.4265026475508418,0.9541053255607154
381,0.42710257266630264,0.9541053255607154
382,0.42540978108758143,0.9534630965319633
383,0.42536928303105614,0.9536607054638869
384,0.4260065060221399,0.9531666831340777
385,0.42781222403575125,0.9526232585712874
386,0.4264197350811094,0.953611303230906
387,0.42839588087853436,0.950795375950993
388,0.426032358874913,0.9538089121628298
389,0.4256394049741859,0.9540065210947535
390,0.4269756524298737,0.9537101076968679
391,0.424843115843085,0.9533148898330205
392,0.42468203037218893,0.9531666831340777
393,0.42594399113254766,0.9529690742021539
394,0.42509929200966146,0.9532160853670586
395,0.42684736812134577,0.952870269736192
396,0.42632155309775954,0.9537595099298488
397,0.425613049989031,0.9524256496393637
398,0.4262616226300374,0.9522280407074399
399,0.4263090316525066,0.9522280407074399
400,0.4267699691644433,0.9528208675032112
401,0.4281183546152572,0.9520798340084972
402,0.426483378411089,0.9540065210947535
403,0.42603071106409485,0.9536607054638869
404,0.4253419354710946,0.9529690742021539
405,0.42465780941341885,0.9525244541053256
406,0.42400757302415243,0.952919671969173
407,0.42533427361808734,0.9527714652702303
408,0.4245831966235319,0.9539077166287916
409,0.42483648615703695,0.952919671969173
410,0.424637778956873,0.951437604979745
411,0.4239677257716734,0.9517834206106116
412,0.42437482811612026,0.952919671969173
413,0.4244656031807822,0.9541547277936963
414,0.42516958980747677,0.9540559233277344
415,0.42523799764137915,0.9546981523564865
416,0.4250125571524481,0.9531666831340777
417,0.4259367407830305,0.9531666831340777
418,0.42665900664700884,0.9538583143958107
419,0.4264084603400598,0.9503507558541646
420,0.42571344371371594,0.9542535322596581
421,0.4245848697642674,0.9542041300266773
422,0.42401435253191844,0.9544017389586009
423,0.42357831491543496,0.9546981523564865
424,0.4243704122994495,0.9544017389586009
425,0.42593608392254123,0.9526232585712874
426,0.42626249645874387,0.9536607054638869
427,0.4247562200941391,0.9538089121628298
428,0.42646699615176703,0.9531172809010967
429,0.4258806613346607,0.9528208675032112
430,0.42701668532735576,0.9535619009979251
431,0.42719034846198045,0.9526726608042684
432,0.4274548683650855,0.9511905938148404
433,0.4269767987333387,0.9519316273095544
434,0.42604333243074366,0.9535124987649441
435,0.426943323078192,0.9517340183776307
436,0.4260611005710396,0.9523762474063827
437,0.42483398225445246,0.9531172809010967
438,0.42491890323048565,0.9516846161446497
439,0.425808326507472,0.9517340183776307
440,0.4255879549028179,0.9524256496393637
441,0.4248208132672266,0.9522774429404209
442,0.4241717302695314,0.9525244541053256
443,0.42391036090122797,0.9530184764351348
444,0.42430746700137295,0.9531666831340777
445,0.425375163659094,0.9532654876000395
446,0.424931234480338,0.9540065210947535
447,0.4244514114138192,0.9525738563383065
448,0.42515057405035883,0.9526232585712874
449,0.4246010953745172,0.9525738563383065
450,0.42616621115666237,0.9527714652702303
451,0.4246023474020653,0.9519316273095544
452,0.423297977625704,0.9526232585712874
453,0.42357026550941956,0.9518822250765735
454,0.4236338547226104,0.9517340183776307
455,0.4242909407942376,0.9516352139116688
456,0.42355113945482625,0.9534630965319633
457,0.42420286121653983,0.9526232585712874
458,0.4253323481655565,0.9532160853670586
459,0.42468628408800335,0.9535619009979251
460,0.42370422583357054,0.9545499456575437
461,0.4240204817210532,0.9527220630372493
462,0.42455499447007344,0.9523762474063827
463,0.4243958004771711,0.9525738563383065
464,0.42531032045477013,0.9498567335243553
465,0.42473626505347334,0.9531172809010967
466,0.42494401691890277,0.9545993478905247
467,0.4267757245354482,0.9545993478905247
468,0.42528969697840785,0.9541053255607154
469,0.4252792217488027,0.9515858116786878
470,0.4252578209740137,0.9526726608042684
471,0.42401400500627284,0.9525738563383065
472,0.4238850209053921,0.9542535322596581
473,0.4247121617601367,0.9540065210947535
474,0.4241696477573189,0.9527714652702303
475,0.42409956951334293,0.9534630965319633
476,0.42503321811070777,0.9524750518723446
477,0.4243177533247432,0.9522774429404209
478,0.42487930467080587,0.950795375950993
479,0.4247935457535452,0.9509435826499357
480,0.4245570812743073,0.9524256496393637
481,0.42450390510401403,0.952178638474459
482,0.42417460254866446,0.9531172809010967
483,0.4248830390367977,0.9531172809010967
484,0.42445324584896793,0.9521292362414782
485,0.4252272313819349,0.9516846161446497
486,0.42402919989775334,0.9526726608042684
487,0.4254585476134565,0.9517834206106116
488,0.424789764634843,0.9505483647860883
489,0.42566441336785515,0.9512893982808023
490,0.42685697470300826,0.9517340183776307
491,0.42691297271544276,0.9541053255607154
492,0.4274473254887987,0.9522280407074399
493,0.4267726442236202,0.9518328228435925
494,0.425237830071679,0.9531172809010967
495,0.42506425679730825,0.9529690742021539
496,0.42581418663372084,0.9530184764351348
497,0.42618132581310975,0.952870269736192
498,0.42781119379053495,0.951437604979745
499,0.4286066015317445,0.9519316273095544
500,0.42759026860478383,0.9535124987649441
501,0.42673625646539576,0.9537101076968679
502,0.42676737905256823,0.9518822250765735
503,0.42481072282705523,0.9534630965319633
504,0.42487721697161945,0.9535124987649441
505,0.4247502606331575,0.9541053255607154
506,0.42422091283477975,0.9530184764351348
507,0.4254911270371035,0.9529690742021539
508,0.4259364088865332,0.9529690742021539
509,0.4273512754126,0.9509435826499357
510,0.4277862998055755,0.949362711194546
511,0.4268964729282601,0.9508941804169548
512,0.4260973275925391,0.9513882027467642
513,0.4257509250657231,0.952178638474459
514,0.42498213174411303,0.9506965714850312
515,0.4238962471618748,0.9506471692520502
516,0.42530231652316264,0.9519316273095544
517,0.42574748496467324,0.9517834206106116
518,0.42521595998284295,0.952870269736192
519,0.42480288295845786,0.9488192866317557
520,0.4241708142770931,0.949362711194546
521,0.42386044877505136,0.9508941804169548
522,0.4241868814781127,0.952919671969173
523,0.42370545644563706,0.9523268451734018
524,0.4241908957308066,0.9521292362414782
525,0.4238981437894241,0.9541053255607154
526,0.4240618052713959,0.9527714652702303
527,0.42444399567991714,0.9513882027467642
528,0.424420732814448,0.9515858116786878
529,0.42382064444462625,0.9510423871158976
530,0.423395269447468,0.9534630965319633
531,0.4252518396300671,0.953611303230906
532,0.4240105999981606,0.9549945657543721
533,0.4247434116486415,0.9544511411915818
534,0.4256976699671891,0.9526232585712874
535,0.4259149176930124,0.9544511411915818
536,0.4261700535623009,0.9539571188617726
537,0.425248151609729,0.952919671969173
538,0.4251364579187284,0.9515858116786878
539,0.4244947688702693,0.9520798340084972
540,0.4245147614499397,0.9531172809010967
541,0.42471066200119345,0.9534630965319633
542,0.4255242913221315,0.9529690742021539
543,0.42444866678307414,0.9524750518723446
544,0.423171795717752,0.9507459737180121
545,0.4236495895001613,0.9516352139116688
546,0.4249897849606633,0.9513882027467642
547,0.4239081850823655,0.9529690742021539
548,0.4238145207465307,0.9532654876000395
549,0.4235931941067083,0.9534136942989823
550,0.42346398918420236,0.952870269736192
551,0.42430542365767115,0.9545005434245628
552,0.42344600423337736,0.9522280407074399
553,0.4232626449164236,0.9515858116786878
554,0.4228962329608366,0.9530678786681158
555,0.42339556358923414,0.9534136942989823
556,0.4266026719539994,0.9499061357573362
557,0.42467243466249005,0.9532654876000395
558,0.4243220481082395,0.9530678786681158
559,0.427272093184958,0.9499061357573362
560,0.42659812547122683,0.9496591245924316
561,0.4242682367517428,0.9515858116786878
562,0.4242810048816803,0.9525738563383065
563,0.42401377082907027,0.9522774429404209
564,0.4245117717313405,0.9515858116786878
565,0.4243667336766252,0.9517834206106116
566,0.4245617185331249,0.9504495603201265
567,0.4243733319621448,0.9517340183776307
568,0.4240511321835233,0.9531666831340777
569,0.42511583955809695,0.951437604979745
570,0.42574294185931627,0.9519810295425353
571,0.42587251295864037,0.9518822250765735
572,0.4249376258016942,0.9542535322596581
573,0.4245945089183096,0.9541547277936963
574,0.42514752379235216,0.9546981523564865
575,0.4245675329466314,0.9553897836182196
576,0.4254483572642332,0.9553403813852386
577,0.42690987948815445,0.9545499456575437
578,0.4258386581720633,0.95435233672562
579,0.42480569640712373,0.95435233672562
580,0.4243413016085627,0.9533148898330205
581,0.42530928582841937,0.9555873925501432
582,0.42455477169686323,0.9533148898330205
583,0.42433758672863714,0.9530184764351348
584,0.4247946091813261,0.9548957612884102
585,0.42494181139979287,0.9533148898330205
586,0.424455051039938,0.9535124987649441
587,0.4241873899738927,0.9531172809010967
588,0.4249304637931204,0.9532160853670586
589,0.423406548247065,0.9522280407074399
590,0.42387088885941937,0.9523268451734018
591,0.4240117574936886,0.9524256496393637
592,0.4244076629753388,0.9495603201264697
593,0.42414777645044915,0.9501531469222408
594,0.4247208523343628,0.9509435826499357
595,0.42408888171519854,0.9534136942989823
596,0.42484741120389763,0.9518822250765735
597,0.42451742748289534,0.9518328228435925
598,0.4245269485838074,0.9527714652702303
599,0.42416560729475167,0.952919671969173
600,0.42461212464688725,0.9523268451734018
601,0.42714549268685054,0.94797944867108
602,0.4265013137538492,0.9504495603201265
603,0.4254896350833105,0.9520798340084972
604,0.42606805329362546,0.952870269736192
605,0.4266715551044893,0.9512399960478214
606,0.42516613371348805,0.9533642920660014
607,0.42535021876744933,0.9523268451734018
608,0.4237422256002623,0.9498567335243553
609,0.42485224113243353,0.9491157000296413
610,0.4242145695743495,0.9510423871158976
611,0.42517133459029793,0.9519810295425353
612,0.4248359543588411,0.9513882027467642
613,0.42541209559296417,0.9516352139116688
614,0.4247938883446584,0.9537101076968679
615,0.42636123629935285,0.9540065210947535
616,0.42718723867269587,0.9535619009979251
617,0.4259039669002941,0.9538089121628298
618,0.4241965628716854,0.9538089121628298
619,0.42358373445314784,0.9526232585712874
620,0.4233877124646892,0.9537595099298488
621,0.4260510060912251,0.9478312419721372
622,0.42411479647984474,0.9525738563383065
623,0.424072038423181,0.9537101076968679
624,0.4236983025546402,0.9516846161446497
625,0.42337067355837016,0.9519316273095544
626,0.4236856074206793,0.9524256496393637
627,0.42396935660552915,0.952178638474459
628,0.4244449726136085,0.9537595099298488
629,0.42525066650450444,0.9529690742021539
630,0.42357728174528686,0.9534630965319633
631,0.42355891005237584,0.9539571188617726
632,0.4265096528317461,0.9525244541053256
633,0.42623366992647493,0.9530678786681158
634,0.424683676746317,0.9515858116786878
635,0.42485410460113915,0.9519316273095544
636,0.4247377932901551,0.9524256496393637
637,0.425294075016038,0.9533148898330205
638,0.42497336049501117,0.95435233672562
639,0.4250499598910151,0.9546487501235056
640,0.42549515552892014,0.9551427724533149
641,0.4255801468248598,0.9556861970161051
642,0.4257237430554388,0.9559332081810098
643,0.4269496573509031,0.9547969568224484
644,0.4258770555344421,0.95435233672562
645,0.4259539279175779,0.9538583143958107
646,0.4261717807738365,0.955043967987353
647,0.42551943151460625,0.9537101076968679
648,0.42441774143237226,0.9525738563383065
649,0.4246379131316215,0.9532654876000395
650,0.42471990450143143,0.9530184764351348
651,0.4266952725294347,0.9519316273095544
652,0.428060814253561,0.9511905938148404
653,0.4250695828385907,0.9540559233277344
654,0.42765159582965706,0.9525738563383065
655,0.4259692123386045,0.9538583143958107
656,0.42620407275555167,0.9544511411915818
657,0.4265737442510466,0.9541547277936963
658,0.4259493635475811,0.9533148898330205
659,0.42737440983116426,0.9532654876000395
660,0.4276600990172311,0.9529690742021539
661,0.4266459779453894,0.9530678786681158
662,0.426333224249153,0.9525244541053256
663,0.42588086092416183,0.9520304317755163
664,0.425276840619178,0.9523762474063827
665,0.42427338951300675,0.9522280407074399
666,0.42522841642221193,0.9523762474063827
667,0.42521279289444835,0.9526232585712874
668,0.425584427894678,0.9519316273095544
669,0.42461713192198103,0.9535619009979251
670,0.4255368320014026,0.9532654876000395
671,0.425627666110401,0.9519810295425353
672,0.42537609863693016,0.9520304317755163
673,0.4258434331214406,0.9506471692520502
674,0.42505883050288684,0.9513388005137833
675,0.4257184400793613,0.9495603201264697
676,0.42436993803657524,0.9520304317755163
677,0.42465380918705936,0.9499061357573362
678,0.4247044345404179,0.9503013536211837
679,0.4246338079880237,0.9522280407074399
680,0.42668559726131244,0.9488192866317557
681,0.425537091025655,0.9495109178934887
682,0.4252612193524592,0.9518328228435925
683,0.42520080500428753,0.9511411915818595
684,0.4262904830897127,0.9498567335243553
685,0.42712635738554855,0.948671079932813
686,0.4251593931731476,0.9498073312913744
687,0.4270196338864755,0.9490662977966604
688,0.42728072424914726,0.9488686888647366
689,0.4241264798495079,0.9522280407074399
690,0.4239871317425597,0.9522774429404209
691,0.4241306998646385,0.9509435826499357
692,0.4255079787868285,0.9488192866317557
693,0.42740468138470966,0.9484734710008892
694,0.42668439005101627,0.9496591245924316
695,0.42573199750858215,0.9517340183776307
696,0.4255466576447099,0.95010374468926
697,0.42554398174499447,0.9536607054638869
698,0.42555301219821823,0.9527714652702303
699,0.4249505965213676,0.952178638474459
700,0.424817286333196,0.9526232585712874
701,0.42512050465285955,0.9528208675032112
702,0.42522124864274624,0.9522280407074399
703,0.42456855584129205,0.9524256496393637
704,0.4243709715156171,0.9511905938148404
705,0.42543546601196836,0.9522280407074399
706,0.4247498293885503,0.9523762474063827
707,0.4245052210123183,0.9525244541053256
708,0.4252862633101141,0.9525738563383065
709,0.42506450198462553,0.951437604979745
710,0.4250897028816788,0.9502025491552218
711,0.4241914612043695,0.9512893982808023
712,0.4244821476123306,0.952919671969173
713,0.42416582070904074,0.9522280407074399
714,0.4239265589409173,0.9531172809010967
715,0.424249950575765,0.9504989625531074
716,0.42452061157831583,0.9530184764351348
717,0.42388183116135236,0.9533642920660014
718,0.42509602457392276,0.9532654876000395
719,0.42380757464610036,0.9533148898330205
720,0.42613768634291366,0.9495603201264697
721,0.42489848231053334,0.9521292362414782
722,0.42588479689003816,0.9517834206106116
723,0.42436279091989015,0.9532654876000395
724,0.4246386297183467,0.9534136942989823
725,0.4250049083041386,0.9534136942989823
726,0.4263990398228178,0.9520798340084972
727,0.42544889948953973,0.9524256496393637
728,0.4263745933497371,0.9512893982808023
729,0.4254912233554035,0.9527714652702303
730,0.42619343445929886,0.9520798340084972
731,0.4290059719971418,0.9500049402232981
732,0.42891696805617324,0.9494615156605078
733,0.4259669656478617,0.9518822250765735
734,0.42642416985817205,0.9487204821657939
735,0.4263760463905076,0.9491651022626223
736,0.4249888304169137,0.951487007212726
737,0.42532225849890304,0.9528208675032112
738,0.4252094774203063,0.9520304317755163
739,0.42520174609069844,0.9529690742021539
740,0.4253405240607273,0.9538583143958107
741,0.42546487689247703,0.9531172809010967
742,0.4253048793979179,0.9520304317755163
743,0.4265976747981947,0.9507459737180121
744,0.42948693301581636,0.9472878174093469
745,0.43043746520125936,0.9468925995454994
746,0.42765996980337995,0.949362711194546
747,0.4261843659010531,0.9501531469222408
748,0.4257337594253922,0.9509435826499357
749,0.42397362209468054,0.9519316273095544
750,0.4244123298928013,0.9524256496393637
751,0.4253352301203932,0.9490168955636795
752,0.4251393546048803,0.950844778183974
753,0.42610848892137304,0.9504495603201265
754,0.42601073007677803,0.9513882027467642
755,0.42621466292483035,0.952870269736192
756,0.42597822570854577,0.9523268451734018
757,0.42600420710321846,0.9518328228435925
758,0.42668895989210315,0.9502025491552218
759,0.42663021675872387,0.9530678786681158
760,0.42700682078268565,0.9509435826499357
761,0.4242992864502834,0.9523268451734018
762,0.4246955915771438,0.9525244541053256
763,0.4247156499775212,0.9530184764351348
764,0.4259221405063645,0.952919671969173
765,0.42492870329258114,0.9547475545894675
766,0.42447475134423485,0.955735599249086
767,0.42302834928882854,0.9530184764351348
768,0.4232493950557738,0.9525738563383065
769,0.424298615907726,0.9531666831340777
770,0.4247612529665054,0.9527714652702303
771,0.4241365885381718,0.9524256496393637
772,0.42470667677190826,0.9526726608042684
773,0.4245160397964926,0.9520304317755163
774,0.42430779330570106,0.9525244541053256
775,0.4233865408353198,0.9517834206106116
776,0.42380604332461286,0.9525244541053256
777,0.42455836343902054,0.9528208675032112
778,0.4249467307286555,0.9524256496393637
779,0.4256245261749413,0.9546981523564865
780,0.4248132513373977,0.9545005434245628
781,0.4250095968428343,0.9539077166287916
782,0.42518381154324875,0.9529690742021539
783,0.42616842288271534,0.951437604979745
784,0.42561165912326876,0.9520798340084972
785,0.4252697636480159,0.9524256496393637
786,0.4250894692199227,0.9530184764351348
787,0.42481050767252343,0.9533642920660014
788,0.42532059246377796,0.9541053255607154
789,0.42658078117889986,0.9531666831340777
790,0.425562805159863,0.9521292362414782
791,0.42453521299828634,0.9523762474063827
792,0.4240491940636773,0.9511411915818595
793,0.42502896641370924,0.949412113427527
794,0.4260438088622793,0.949412113427527
795,0.4276241075978479,0.9469420017784804
796,0.4243651530879239,0.951487007212726
797,0.42380914409642306,0.9525738563383065
798,0.42361101158999964,0.9532160853670586
799,0.42481535129337517,0.9536607054638869
800,0.42484858368507533,0.9538583143958107
801,0.4262461334457483,0.9532160853670586
802,0.424959019106255,0.9542535322596581
803,0.42539941657644204,0.9542041300266773
804,0.42533805983654,0.954302934492639
805,0.4262495200363858,0.9542535322596581
806,0.42522620043313625,0.951437604979745
807,0.4250934636916063,0.9519810295425353
808,0.4255794676154471,0.9528208675032112
809,0.42448086437965016,0.9523268451734018
810,0.42434503077866315,0.9530678786681158
811,0.42525043496551923,0.9515858116786878
812,0.4245519377705603,0.9534136942989823
813,0.4239154147459884,0.9538583143958107
814,0.4241604791021745,0.9530184764351348
815,0.42435183356280504,0.9526232585712874
816,0.42400958831131963,0.9523762474063827
817,0.4232546131129621,0.9530184764351348
818,0.42388127756190647,0.9516846161446497
819,0.4230011965921264,0.9512399960478214
820,0.4229989494311395,0.9526726608042684
821,0.4233773651287343,0.9530184764351348
822,0.42443694065069015,0.9530184764351348
823,0.4247385923787377,0.9540559233277344
824,0.42387080385902043,0.9535124987649441
825,0.42368994151088085,0.9534630965319633
826,0.42527746109628095,0.9504989625531074
827,0.42505533405669915,0.9521292362414782
828,0.42519709950709517,0.9542041300266773
829,0.42540957538129953,0.9530184764351348
830,0.4246783969663694,0.95435233672562
831,0.42587821401551,0.9526232585712874
832,0.4252694378300285,0.9529690742021539
833,0.42494598171154346,0.9533642920660014
834,0.4241687338218759,0.9517834206106116
835,0.42481529157673537,0.9527714652702303
836,0.4245958244444011,0.9527220630372493
837,0.42411090072309415,0.9515364094457069
838,0.424081634549892,0.9509435826499357
839,0.4247754616252961,0.9494615156605078
840,0.42454879621222347,0.950795375950993
841,0.4255061658856665,0.9511411915818595
842,0.42642864988391715,0.9523268451734018
843,0.4255097757795313,0.952178638474459
844,0.42627363346422464,0.9523762474063827
845,0.4245758635084108,0.9515364094457069
846,0.4245771545824858,0.9517834206106116
847,0.4250767722403795,0.9512399960478214
848,0.42505559939996845,0.950795375950993
849,0.4253765717388054,0.9495109178934887
850,0.425717874523089,0.9503507558541646
851,0.4256110734113152,0.9523268451734018
852,0.4269439874430624,0.951487007212726
853,0.4261718393111642,0.9530678786681158
854,0.4269097077173172,0.9527714652702303
855,0.42629255173516334,0.95435233672562
856,0.42641486764861636,0.9541547277936963
857,0.42526131532744027,0.9538089121628298
858,0.4251739187024969,0.9519316273095544
859,0.4245853366821841,0.954302934492639
860,0.42547805717259424,0.9540065210947535
861,0.42470566057797754,0.9536607054638869
862,0.4250734974255106,0.9531172809010967
863,0.4254058440175457,0.9536607054638869
864,0.42398325973507905,0.9527220630372493
865,0.42443295898079436,0.950795375950993
866,0.42332589767824114,0.9530184764351348
867,0.42397252048779294,0.9536607054638869
868,0.4251487353721225,0.9524256496393637
869,0.42457395306901846,0.9526232585712874
870,0.42507097033057484,0.9524750518723446
871,0.4246156849261282,0.9527714652702303
872,0.42580768603366465,0.9492639067285842
873,0.42496379325528355,0.9507459737180121
874,0.42397720690158563,0.9505977670190693
875,0.42381312484258166,0.9517340183776307
876,0.4240096077936047,0.9503507558541646
877,0.4239526461685781,0.9515858116786878
878,0.42366977975516695,0.9513388005137833
879,0.42330297808105183,0.9520798340084972
880,0.42472641013924095,0.9511411915818595
881,0.42406020461106164,0.9509929848829167
882,0.4234335016414845,0.9518822250765735
883,0.4239267082290007,0.9526232585712874
884,0.4240422336662332,0.9509929848829167
885,0.4242270574507227,0.9528208675032112
886,0.4244161457862825,0.9516846161446497
887,0.4259878460030791,0.9504495603201265
888,0.425211369093309,0.95010374468926
889,0.42562131582310125,0.9524750518723446
890,0.4257958665728738,0.9530184764351348
891,0.42506100989504736,0.9540065210947535
892,0.42522414262381125,0.9545005434245628
893,0.42622097124005615,0.9539077166287916
894,0.42773460073349096,0.951437604979745
895,0.42622801887177214,0.9545499456575437
896,0.42585788135696084,0.9556861970161051
897,0.42689092914171684,0.9534136942989823
898,0.42690221004028683,0.9559332081810098
899,0.42841653244656563,0.9556367947831242
900,0.42598407580532516,0.9559332081810098
901,0.4268607493459595,0.9560320126469717
902,0.42857842548403013,0.9565260349767809
903,0.4261657015630091,0.9535124987649441
904,0.42702484346139297,0.9548463590554293
905,0.4258041687031011,0.9561308171129335
906,0.4259792986475942,0.9560814148799526
907,0.4250055706028181,0.9558344037150479
908,0.4249549106906312,0.9547969568224484
909,0.4251091303198265,0.9554391858512005
910,0.4247047967863389,0.9550933702203339
911,0.42489810492687496,0.9524256496393637
912,0.427282297981381,0.9509929848829167
913,0.42712800779246957,0.9505483647860883
914,0.4249341975238307,0.9525244541053256
915,0.42704382878420327,0.9511411915818595
916,0.42435738028062125,0.9538583143958107
917,0.42497314866274066,0.9537595099298488
918,0.4253158115740845,0.9527220630372493
919,0.42492381274149743,0.9540065210947535
920,0.42433226050645984,0.9541053255607154
921,0.4240381732733891,0.9532160853670586
922,0.4242370073342087,0.9539571188617726
923,0.42475847861546745,0.9521292362414782
924,0.4246916705448556,0.9542041300266773
925,0.426154684787358,0.9535619009979251
926,0.4277372313225849,0.9524256496393637
927,0.4283915646853586,0.9522280407074399
928,0.4267463366549523,0.9544017389586009
929,0.42850449999227724,0.9524256496393637
930,0.42885686805475465,0.9523268451734018
931,0.42669870239945046,0.9535619009979251
932,0.425441431079169,0.9537595099298488
933,0.4269423026120936,0.9525244541053256
934,0.4254806432100695,0.9527220630372493
935,0.4253864047721858,0.9529690742021539
936,0.42581850774899177,0.9526232585712874
937,0.4252660244609551,0.9538089121628298
938,0.42490054211333206,0.9539077166287916
939,0.42498967443988805,0.9531666831340777
940,0.42519390495562887,0.952870269736192
941,0.42576107979937583,0.9513882027467642
942,0.42695387593724615,0.9494615156605078
943,0.4250346265549566,0.9512399960478214
944,0.42436909668290923,0.9522280407074399
945,0.4251107162450571,0.9513388005137833
946,0.4260149770096988,0.9509435826499357
947,0.42363376391619595,0.9521292362414782
948,0.4246440715168576,0.9520798340084972
949,0.42399449532195116,0.9510423871158976
950,0.4242344771718505,0.9496097223594506
951,0.42345860422128967,0.9505483647860883
952,0.42392652317754653,0.9517340183776307
953,0.4241643379936979,0.950795375950993
954,0.4235107072041399,0.9511411915818595
955,0.4236559899682421,0.950795375950993
956,0.4232130885251316,0.9510917893488786
957,0.42306888449707103,0.9523268451734018
958,0.42327177596021565,0.9542041300266773
959,0.4236237395610233,0.9541053255607154
960,0.4239758834830526,0.9538089121628298
961,0.4238718189332778,0.9532654876000395
962,0.42453626701060393,0.9525244541053256
963,0.4240004010856221,0.9541053255607154
964,0.42382348824256333,0.9516846161446497
965,0.42384354289155224,0.951437604979745
966,0.424643128108405,0.9517834206106116
967,0.4240207662930524,0.9510423871158976
968,0.42536519507670806,0.9512399960478214
969,0.42581040040506934,0.9526726608042684
970,0.4276617991586575,0.9517340183776307
971,0.4284473272682719,0.9506471692520502
972,0.4276083567897856,0.9512399960478214
973,0.42538885948709637,0.951437604979745
974,0.42647655154188796,0.9526232585712874
975,0.42564896869152474,0.9519316273095544
976,0.4255784655883173,0.9504495603201265
977,0.4255488630903355,0.9496591245924316
978,0.4257456364297799,0.949362711194546
979,0.42392515738613895,0.9545993478905247
980,0.4238947604134304,0.9537595099298488
981,0.424376310601722,0.9539077166287916
982,0.4242369542951375,0.9526232585712874
983,0.4243586363067618,0.9507459737180121
984,0.4244811872865643,0.9520304317755163
985,0.42527415795329543,0.9508941804169548
986,0.4258513927305121,0.9520798340084972
987,0.42440570583506215,0.9517834206106116
988,0.4251438282731385,0.9517340183776307
989,0.4250660299052288,0.9505483647860883
990,0.4238427196205087,0.9512399960478214
991,0.4239026655796999,0.9512399960478214
992,0.42333585018223246,0.951437604979745
993,0.42330537947439023,0.9520304317755163
994,0.42411019962957525,0.950795375950993
995,0.4240905560345286,0.9505977670190693
996,0.42344162155980736,0.9538583143958107
997,0.423913793959714,0.9536607054638869
998,0.42450810073754747,0.9527714652702303
999,0.42652932135312566,0.9515858116786878
1000,0.42501685819967017,0.9518822250765735
