# Configuration:

dataset name: mnist
model name: softmax classification with MLP
num_clients: 100
learning_rate: 1.0
participation_rate: 0.1
num_classes: 10
numLocalEpochs: 5
learning_rate: 0.01
lambda: 0.01
num_classes: 10
# Results:

round,obj,test
1,2.546135771768273,0.2368
2,2.392212839955594,0.4014
3,2.2399606901029347,0.5088
4,2.084043418713023,0.5928
5,1.9770963758247402,0.6463
6,1.9062342267748416,0.6734
7,1.7802906134733152,0.717
8,1.7058406715443386,0.7371
9,1.62408401812236,0.7529
10,1.5292774487174587,0.7706
11,1.4570199182064616,0.786
12,1.3859225932382213,0.7979
13,1.3447346274302323,0.8055
14,1.3170839201929772,0.8119
15,1.2876146153053099,0.8176
16,1.2486504514629038,0.8232
17,1.2223436503503242,0.8265
18,1.181167780494669,0.8315
19,1.1587196838956386,0.8352
20,1.1398918707482977,0.8384
21,1.1261383132830853,0.8409
22,1.1107927773255895,0.8445
23,1.0913214706941148,0.8488
24,1.0814988499046794,0.8512
25,1.0712693115641583,0.8525
26,1.0552653300736725,0.8554
27,1.0386837581776494,0.8579
28,1.0277570543682037,0.8589
29,1.0194729687463109,0.861
30,1.010142877860641,0.8619
31,0.9986686463253145,0.8643
32,0.9880946160735479,0.8652
33,0.9803523546055962,0.8675
34,0.9707925581663319,0.8701
35,0.9640586004825751,0.8711
36,0.9574845974155226,0.8726
37,0.9502563954127206,0.8746
38,0.942895833741705,0.8748
39,0.9379223942921635,0.8763
40,0.9336464110798739,0.8774
41,0.9283009442814439,0.8787
42,0.9232647301582825,0.8801
43,0.9190074241646942,0.881
44,0.9135533279371063,0.8827
45,0.9079953932887793,0.8831
46,0.9028044619991711,0.8842
47,0.8972688033044882,0.8854
48,0.8927871356121186,0.8863
49,0.8885937921314199,0.8868
50,0.8846670728071246,0.8873
51,0.8803548588869705,0.8882
52,0.8763774821408888,0.8893
53,0.872553098605834,0.8905
54,0.869213176537531,0.891
55,0.865695774117808,0.8912
56,0.8623488336312078,0.8916
57,0.8587533712642694,0.8919
58,0.8556617789287987,0.8928
59,0.8525710053752942,0.8927
60,0.8497209719508206,0.8928
61,0.8469113144068869,0.8932
62,0.8442467196555812,0.8934
63,0.8420976656763124,0.8938
64,0.8393059217085778,0.8939
65,0.8369876458633746,0.8941
66,0.8342877867066717,0.8946
67,0.832298886126524,0.8947
68,0.8296910753632387,0.8947
69,0.8271644991334854,0.8951
70,0.8247575101038745,0.8958
71,0.822314256468192,0.8962
72,0.8200187794485195,0.8963
73,0.817706868432601,0.8969
74,0.8155248535788838,0.8969
75,0.8134465160640486,0.8973
76,0.8112422296776474,0.8975
77,0.8090624905348546,0.898
78,0.806993469971211,0.8979
79,0.8050640380939663,0.8985
80,0.8030112382584134,0.8987
81,0.8010799125704589,0.8987
82,0.7991092402260389,0.8989
83,0.7971963788916971,0.8993
84,0.7952884002813435,0.8997
85,0.7934124668527702,0.9
86,0.7916717148454455,0.8999
87,0.789787619757939,0.9002
88,0.7881035504601047,0.9004
89,0.7862818542362678,0.9006
90,0.7845775938948424,0.9004
91,0.7828311700763925,0.9007
92,0.7811113874730644,0.9014
93,0.7794231017500055,0.901
94,0.7777870140068891,0.9017
95,0.7762027662515033,0.9018
96,0.7745960374518084,0.9019
97,0.7729655936040806,0.9016
98,0.7713872861131743,0.9021
99,0.7698746388087522,0.9018
100,0.7683451990206014,0.9022
101,0.7668255330785205,0.9024
102,0.7653190709505779,0.9026
103,0.7639795882319377,0.9022
104,0.7624933743948669,0.9026
105,0.7610482046872528,0.9028
106,0.7596596780580196,0.9027
107,0.7582465307945719,0.9028
108,0.7567958720720777,0.903
109,0.7553745583800948,0.9035
110,0.7540260645950131,0.9032
111,0.7526673314608057,0.9034
112,0.7512978238369638,0.9039
113,0.7499681706004382,0.9048
114,0.7486061440528032,0.9045
115,0.7473390208711362,0.9048
116,0.7460979773181599,0.9047
117,0.7447704079633778,0.9051
118,0.7434974989953983,0.9049
119,0.7424767679959756,0.9059
120,0.7411409135014176,0.9058
121,0.7399223898692898,0.9058
122,0.7387358330235624,0.9059
123,0.7375221678591131,0.906
124,0.7363165776474712,0.9068
125,0.7351172294556205,0.9065
126,0.7339790604841748,0.9067
127,0.7328460387479444,0.9068
128,0.7316912048051802,0.9069
129,0.7305596018609299,0.9068
130,0.7294304703920473,0.9073
131,0.7282988422238389,0.9071
132,0.7272055472119547,0.9077
133,0.726061939430603,0.9075
134,0.7249942233317418,0.9082
135,0.7238844519703709,0.9082
136,0.722786543836698,0.9085
137,0.7217275333674632,0.9087
138,0.7206762982141933,0.9087
139,0.7196062505544837,0.9092
140,0.718561699034327,0.9095
141,0.717509812953911,0.9094
142,0.7164559376260409,0.9096
143,0.7154691671600363,0.9095
144,0.7144581683939187,0.9098
145,0.7134546916910182,0.91
146,0.7124504465865081,0.9101
147,0.7114469336779228,0.9105
148,0.7104612880749676,0.9105
149,0.7094965993658993,0.9105
150,0.7085210785943816,0.9105
151,0.7075364279164362,0.9106
152,0.70656968980372,0.9109
153,0.7056024224177501,0.9106
154,0.7046966735856202,0.9108
155,0.7037721603874003,0.9106
156,0.7028299955305829,0.9107
157,0.7019062339722765,0.911
158,0.7010005160531761,0.911
159,0.7000810158788583,0.9108
160,0.6991771901911761,0.9109
161,0.6982976117209075,0.911
162,0.6973945370615291,0.9108
163,0.6965024086558067,0.9111
164,0.6956182955963603,0.9105
165,0.6947361559726196,0.9107
166,0.6938566541645842,0.9113
167,0.6929988410761196,0.9112
168,0.6921430477912375,0.911
169,0.6912983861203624,0.9111
170,0.6904523350745737,0.9111
171,0.6895992786280675,0.9112
172,0.688746087857007,0.9113
173,0.6879308794899726,0.911
174,0.6871005226285571,0.9113
175,0.6862637665768846,0.9113
176,0.6854558525100118,0.9116
177,0.6846281814180245,0.9117
178,0.6838133956862122,0.9115
179,0.6830159180340687,0.9117
180,0.6822148433841462,0.9117
181,0.6814134330187936,0.9117
182,0.6806194527743347,0.9116
183,0.6798438882680278,0.912
184,0.6790463403992191,0.912
185,0.6782595262488071,0.912
186,0.6774957856367422,0.9121
187,0.6767519615779212,0.9118
188,0.6760228517373039,0.9119
189,0.6752708303071251,0.912
190,0.6745345591364873,0.912
191,0.6737721478503618,0.9123
192,0.6730232585983366,0.9123
193,0.6722850345559997,0.9125
194,0.6715604460943906,0.9124
195,0.6708459869335069,0.9122
196,0.6701190104225804,0.9122
197,0.6693918692657481,0.9122
198,0.6686773683041589,0.9124
199,0.6679683180943685,0.9124
200,0.6672652524534303,0.9123
201,0.6665741126639778,0.9123
202,0.6658757015947186,0.9128
203,0.6651758429042716,0.9127
204,0.6644836316604429,0.9124
205,0.6637945281375922,0.9129
206,0.6631147983002343,0.9129
207,0.6624295605534039,0.9131
208,0.6617451064281816,0.9131
209,0.6610827208540813,0.9133
210,0.6604145296271983,0.9132
211,0.6597678177347598,0.9129
212,0.6591183291805498,0.913
213,0.65848389374041,0.913
214,0.657840737545751,0.913
215,0.6572010050117909,0.9132
216,0.6565490450232823,0.9134
217,0.655912836225526,0.9134
218,0.655289128176473,0.9134
219,0.6546460674479725,0.9133
220,0.6540167880428789,0.9136
221,0.6533815118295596,0.9139
222,0.6527537621407501,0.9137
223,0.6521318645450732,0.9137
224,0.6515118476190015,0.9139
225,0.6508954704090059,0.9138
226,0.6502843644146599,0.9141
227,0.6496819178027489,0.9142
228,0.6490824253632093,0.9141
229,0.6484811005118641,0.9145
230,0.6478911429019875,0.9142
231,0.6473046559276597,0.9141
232,0.6467156439146979,0.9142
233,0.6461261643605275,0.9142
234,0.6455489303471206,0.9142
235,0.6449836689159724,0.9147
236,0.6444125769803486,0.9143
237,0.6438397487903595,0.9143
238,0.643271464422783,0.9146
239,0.6427181553815804,0.9144
240,0.6421596813920615,0.9147
241,0.6416030465042131,0.9144
242,0.6410449724669668,0.9144
243,0.6404887443554348,0.9149
244,0.6399452247696212,0.9149
245,0.6393983698836485,0.9148
246,0.6388506695095043,0.9148
247,0.6383049781801746,0.9151
248,0.637773123193998,0.9152
249,0.6372350224564421,0.915
250,0.6367086298011866,0.915
251,0.6361796406176429,0.9152
252,0.6356557758297677,0.9152
253,0.6351291303201261,0.9154
254,0.6346200341049096,0.9151
255,0.6341021402114504,0.9155
256,0.633592050568494,0.916
257,0.6330833228550308,0.9158
258,0.632580467914315,0.9161
259,0.6320730149334765,0.916
260,0.6315689962369138,0.9161
261,0.6310601017434061,0.9162
262,0.6305695070727705,0.9165
263,0.6300663583733256,0.9166
264,0.6295721681674458,0.9166
265,0.6290828464341002,0.9166
266,0.6285966676449245,0.917
267,0.6281024816501719,0.9168
268,0.6276121623948564,0.9167
269,0.6271353253492834,0.9168
270,0.6266508610047072,0.9169
271,0.6261767940683911,0.9167
272,0.6257038724470619,0.917
273,0.6252326571425147,0.9168
274,0.6247609901502986,0.917
275,0.6243014781244002,0.9172
276,0.6238336068764189,0.9172
277,0.6233664990452467,0.917
278,0.6229099540028883,0.917
279,0.6224596638466314,0.917
280,0.6220004078845291,0.9173
281,0.6215595016569281,0.9173
282,0.6211139496733861,0.9171
283,0.62066440549343,0.9172
284,0.6202176109075137,0.9173
285,0.6197741590788828,0.9174
286,0.6193311241025015,0.9172
287,0.618892533115023,0.9175
288,0.6184554858108029,0.9173
289,0.6180202034833123,0.9173
290,0.6175870368635841,0.9175
291,0.6171563902519276,0.9174
292,0.6167304200328523,0.9176
293,0.6162999487173505,0.9175
294,0.6158787817092038,0.9178
295,0.6154592430537532,0.9175
296,0.6150387791836067,0.9177
297,0.6146133945780069,0.9179
298,0.6141972696949908,0.9176
299,0.6137870515684867,0.9177
300,0.6133687261794688,0.9177
301,0.6129602574983161,0.918
302,0.612544877221665,0.9177
303,0.6121405125986743,0.9178
304,0.6117521624601049,0.9176
305,0.6113441024247599,0.9179
306,0.6109554807814634,0.9177
307,0.6105607615572831,0.9178
308,0.6101600194020116,0.9179
309,0.6097710948966041,0.918
310,0.6093767801175727,0.9179
311,0.6089865098337005,0.9179
312,0.6085982565666749,0.918
313,0.6082297621932818,0.9179
314,0.607852675201891,0.918
315,0.6074762337780226,0.918
316,0.6070997067157243,0.9179
317,0.6067254216555537,0.9179
318,0.6063499194365446,0.9183
319,0.6059830242561116,0.9181
320,0.6056141739472259,0.9181
321,0.6052425305754193,0.9181
322,0.6048849161551383,0.9183
323,0.6045271958226968,0.9183
324,0.6041586159992903,0.9182
325,0.6037979712444536,0.9183
326,0.6034342113872547,0.9183
327,0.6030748684619789,0.9184
328,0.602718202486271,0.9187
329,0.6023650801154686,0.9188
330,0.602015657175409,0.9187
331,0.6016644422804422,0.9187
332,0.6013177414035208,0.9189
333,0.6009703241632535,0.9189
334,0.6006257835937011,0.9187
335,0.6002836735463786,0.9188
336,0.5999391994882747,0.9188
337,0.5995996437688813,0.9187
338,0.5992599669008737,0.9189
339,0.5989236748862445,0.9187
340,0.5985905439152197,0.9189
341,0.5982516708111955,0.9189
342,0.5979217937886191,0.9188
343,0.5975935666779301,0.9192
344,0.5972681629292712,0.9193
345,0.5969496529537643,0.9193
346,0.5966185402066392,0.9188
347,0.5962943226782789,0.9188
348,0.595978851447426,0.9189
349,0.5956615622848073,0.9191
350,0.5953415529725751,0.919
351,0.5950312623567999,0.9189
352,0.5947157992782001,0.919
353,0.5944032973723079,0.9189
354,0.5940924929468019,0.9193
355,0.5937877817468519,0.9191
356,0.5934799334207832,0.9191
357,0.5931636711443542,0.9195
358,0.5928537126580685,0.9193
359,0.5925529547254774,0.9194
360,0.5922453398210464,0.9195
361,0.5919452024830535,0.9195
362,0.591644441124704,0.9194
363,0.591350734144949,0.9195
364,0.5910599239789553,0.9196
365,0.5907630206958268,0.9195
366,0.5904671914105226,0.9198
367,0.5901727219250021,0.9195
368,0.5898808075759066,0.9195
369,0.5895877890229796,0.9196
370,0.5892981744114315,0.9196
371,0.5890122690052136,0.9195
372,0.588723820437254,0.9196
373,0.5884372669905032,0.9195
374,0.588155377514302,0.92
375,0.5878768500162158,0.9201
376,0.5875906608979421,0.9197
377,0.5873076748197593,0.9198
378,0.5870307371334891,0.9197
379,0.5867537461829512,0.9199
380,0.5864837404258849,0.9201
381,0.5862034576449537,0.9203
382,0.5859252709627945,0.9197
383,0.5856521426902026,0.9202
384,0.5853828140655902,0.9196
385,0.5851113254909692,0.9201
386,0.5848426073302536,0.9202
387,0.5845788395099024,0.9202
388,0.5843088391562279,0.9201
389,0.5840440469509869,0.9197
390,0.5837785149854698,0.9201
391,0.5835181121134912,0.9202
392,0.5832685395893439,0.9203
393,0.5830084227535011,0.9199
394,0.5827504983169506,0.9202
395,0.5824970694925322,0.9197
396,0.5822351735545916,0.92
397,0.5819904289561836,0.9201
398,0.5817322480500055,0.9204
399,0.5814826785010119,0.9203
400,0.5812313839840328,0.9203
401,0.5809823675521512,0.9201
402,0.5807339450740205,0.9204
403,0.5804889222637772,0.9205
404,0.5802393805915708,0.9205
405,0.5799951355815204,0.9202
406,0.5797524666517836,0.9206
407,0.57950692689535,0.9202
408,0.5792701713371217,0.9202
409,0.5790304149672917,0.9201
410,0.5787951186158992,0.9202
411,0.5785600034159185,0.9204
412,0.5783233520786029,0.9206
413,0.5780831593545349,0.9207
414,0.5778473402175329,0.9205
415,0.5776163777161804,0.9203
416,0.5773792997449768,0.9206
417,0.5771479377029,0.9206
418,0.5769159185765579,0.9208
419,0.5766859071444448,0.9206
420,0.5764584551923037,0.9204
421,0.5762284416218925,0.9206
422,0.5760074497643652,0.9204
423,0.5757864687386138,0.9207
424,0.5755639055294834,0.9205
425,0.5753443073833658,0.9207
426,0.5751214990265522,0.9208
427,0.5748984431930192,0.9206
428,0.5746784293205534,0.921
429,0.5744653165797394,0.921
430,0.5742482084676334,0.9211
431,0.5740365128218902,0.9214
432,0.5738208733573033,0.9209
433,0.5736093563949324,0.921
434,0.5733931269462128,0.9214
435,0.5731810199440625,0.9211
436,0.5729687585979402,0.9213
437,0.5727583645285578,0.9209
438,0.5725494316402118,0.9211
439,0.5723449725065468,0.9212
440,0.5721322335259205,0.921
441,0.5719235620057156,0.9212
442,0.5717176181358375,0.9216
443,0.5715149529218164,0.9213
444,0.5713097088030407,0.9212
445,0.5711066629747791,0.9211
446,0.5709066739580718,0.9216
447,0.5707054112857197,0.9214
448,0.5705027898028827,0.9215
449,0.5703053795080256,0.9213
450,0.5701070973234018,0.9214
451,0.5699120800049181,0.9216
452,0.5697125571005035,0.9217
453,0.5695195512412774,0.9215
454,0.5693271076965023,0.9213
455,0.5691344409457817,0.9214
456,0.5689425499141961,0.9215
457,0.5687511161673338,0.9214
458,0.5685601957882449,0.9215
459,0.5683728187882684,0.9217
460,0.5681841891698602,0.9215
461,0.5679909924288702,0.9214
462,0.5678068348211628,0.9215
463,0.5676182998228282,0.9217
464,0.5674285765255663,0.9218
465,0.5672465508326233,0.9216
466,0.5670632939239525,0.9214
467,0.5668813054326464,0.9217
468,0.5666972877093811,0.9215
469,0.5665147921352541,0.9215
470,0.5663416354853068,0.9217
471,0.5661527670441966,0.9216
472,0.5659745714006115,0.9215
473,0.5657967762569974,0.9214
474,0.5656204544335599,0.9216
475,0.5654451778839042,0.9216
476,0.5652682032723314,0.9218
477,0.5650909230555328,0.9217
478,0.5649151117018808,0.9216
479,0.5647447945813683,0.9217
480,0.5645725139207414,0.9217
481,0.5643998617337348,0.9215
482,0.5642286879006315,0.9218
483,0.5640596060806177,0.922
484,0.5638928096790655,0.9218
485,0.5637294144238705,0.922
486,0.5635589440879274,0.9222
487,0.5633945520299527,0.9219
488,0.5632256011612291,0.9219
489,0.5630617147935784,0.9218
490,0.5628989869884011,0.9217
491,0.5627328529675683,0.9219
492,0.5625691840554461,0.9217
493,0.5624098026716687,0.922
494,0.562255703991582,0.9218
495,0.5620940138590003,0.9222
496,0.5619381887386118,0.9218
497,0.5617767978192211,0.9219
498,0.5616184133017138,0.9218
499,0.5614633138704603,0.9219
500,0.5613087413973159,0.9219
